-0.627915,0.147983,0.858542,0.816549,0.995325,-0.809926,0.573836,0.171910,-0.915337,-0.862967,0.953790,0.897697,-0.523420,-0.249182,0.783772,0.983973,0.973901,-0.737781,-0.174321,0.044526,-0.026643,0.012696,-0.017212,0.010193,-0.009247,0.002167,-0.009278,-0.001465,-0.006806,-0.000916,-0.002075,-0.000702,-0.004486,-0.006195,-0.006989,-0.000702,-0.004303,-0.002808,-0.005524,0.002838,-0.007599,-0.003052,-0.012665,0.013062,-0.015564,0.008240,-0.024537,0.011231,-0.020814,0.011353,-0.023530,0.013886,-0.019532,0.017731,-0.005921,0.014679,-0.020478,0.012055,-0.014954,0.012635,-0.011963,0.017609,-0.019898,0.026795,-0.037934,0.028931,-0.013733,0.014191,-0.014954,0.000916,-0.017548,0.018036,-0.008332,0.013428,-0.022706,0.014130,-0.029603,0.015473,-0.024567,0.016175,-0.021576,0.001679,-0.019440,0.025605,-0.017914,0.022400,-0.010315,0.019898,-0.016999,0.014405,-0.027009,0.006012,-0.015992,0.018860,-0.011627,-0.001160,-0.005707,0.022065,-0.017762,0.017182,-0.028107,0.029053,-0.023682,0.011414,-0.020386,0.010773,-0.028748,0.022736,-0.014405,0.008728,-0.026978,0.000275,-0.008301,0.011505,-0.013184,0.020752,-0.032044,0.007202,-0.023285,0.006012,-0.021882,0.030061,-0.032899,-0.001434,-0.008576,0.018982,-0.018280,0.018189,-0.017823,0.010529,-0.026276,0.005066,-0.015656,0.003204,-0.017884,0.002136,-0.023621,0.013092,-0.023224,0.006317,-0.028992,0.002808,-0.019013,0.012238,-0.018982,0.015992,0.008911,0.002686,-0.006165,0.012421,-0.033875,0.012421,-0.020844,0.001495,-0.017243,0.017090,-0.010529,0.022156,-0.031922,0.022400,-0.024506,0.020905,-0.020661,0.009613,-0.025269,0.031312,-0.022217,0.014161,-0.028931,0.021546,-0.010468,0.005493,-0.009247,0.022187,-0.028596,0.008850,-0.020325,0.010010,-0.004669,0.018433,-0.017487,0.018525,-0.027009,0.013581,-0.023163,0.017670,-0.020234,0.004334,-0.021638,0.013672,-0.011475,0.007446,-0.013703,-0.001190,-0.008118,0.008789,-0.016785,0.010041,-0.010651,0.004059,-0.012421,-0.006653,-0.015564,0.024171,-0.011933,0.022004,-0.017304,-0.001343,-0.021668,0.022065,-0.019410,0.010193,-0.022217,0.012207,-0.022950,0.023194,-0.014557,0.010559,-0.011841,0.013275,-0.037965,0.010224,-0.019257,0.006348,-0.019043,0.007904,-0.030640,0.013886,-0.019959,0.006500,-0.016266,0.023011,-0.010163,0.001831,-0.023255,0.009369,-0.026307,0.017334,-0.038301,0.009308,-0.013062,0.013001,-0.029359,0.010590,-0.020844,0.010346,-0.023713,0.016907,-0.027528,0.013611,-0.015198,0.005768,-0.027833,0.022675,-0.027558,0.017853,-0.026673,0.005493,-0.004517,0.032014,-0.023347,0.026307,-0.024079,0.002594,-0.019501,0.007446,-0.031220,0.010346,-0.024171,0.008820,-0.011231,0.008972,-0.013550,0.011322,-0.000458,0.026581,-0.029145,0.020722,-0.028199,0.020356,-0.016449,0.015015,-0.023285,0.014923,-0.015717,0.007569,-0.014130,0.027436,-0.026826,0.013642,-0.013794,0.003296,-0.011139,0.015686,-0.021241,0.017487,-0.008972,0.017518,-0.015931,0.003449,-0.001190,0.015351,-0.022889,0.019166,-0.013855,0.020325,-0.021058,0.023316,-0.009339,0.016297,-0.029023,0.016724,-0.005127,0.020508,-0.026948,0.013337,-0.030946,0.022400,-0.014344,-0.005676,-0.018067,0.017731,-0.021027,0.015259,-0.016236,0.013031,-0.026459,0.007416,-0.020691,0.018921,-0.040803,0.010803,-0.026948,0.026765,-0.022095,0.015961,-0.009613,0.000946,-0.023499,0.020203,-0.014954,0.017579,-0.025269,0.010712,-0.034303,0.007416,-0.011078,0.021638,-0.028443,0.008209,-0.009766,0.015686,-0.012818,0.009308,-0.021882,0.015229,-0.017243,0.001221,-0.028077,0.013764,-0.039521,0.000153,-0.016724,0.023377,-0.013611,0.029328,-0.022797,0.012116,-0.021454,-0.004547,-0.029755,0.007446,-0.024476,0.023285,-0.014985,0.009217,-0.021180,0.019623,-0.010895,-0.006867,-0.023438,0.024384,-0.014679,0.013245,-0.029725,0.012207,-0.022980,0.028229,-0.037446,0.018311,-0.027924,0.009766,-0.014893,0.019318,-0.020112,0.021943,-0.009918,0.010590,-0.010193,0.003174,-0.008057,-0.015778,-0.008332,0.011719,0.010468,0.024293,-0.043733,0.064058,-0.053316,0.003357,0.011780,-0.072237,0.097994,-0.045533,-0.032258,0.138340,-0.209814,0.237555,-0.166203,-0.007141,0.240942,-0.425548,0.475934,-0.328957,-0.003296,0.328805,-0.640458,0.619156,-0.142948,-0.330636,-0.934289,-0.063539,0.626420,-0.156712,-0.078066,0.270515,-0.568648,0.033448,-0.861197,0.002930,0.840689,0.380106,-0.250495,-0.685320,-0.116061,0.912010,0.235754,-0.254554,-0.668687,-0.085818,0.885703,0.345132,-0.290199,-0.703173,-0.105563,0.908775,0.264472,-0.390452,-0.731159,0.041658,0.315895,0.954736,-0.101107,0.946343,-0.861930,-0.261878,-0.085879,0.436809,-0.971552,0.986872,-0.896476,0.283821,0.077913,-0.592270,-0.799947,-0.868125,0.805959,-0.290016,-0.101779,0.724780,-0.805135,-0.829122,-0.835501,0.419353,0.076876,-0.700060,-0.842276,0.856925,0.988825,-0.627488,0.092837,0.493939,-0.958917,-0.826559,0.856436,0.918602,-0.502088,-0.015442,0.520124,-0.903038,-0.872642,0.875083,-0.933709,-0.695208,0.231268,0.142826,-0.580978,0.912560,0.871665,-0.872886,0.931420,0.789479,-0.446941,0.049226,0.294563,-0.696795,0.951776,0.909721,-0.915459,0.932366,0.874381,-0.613419,0.267768,0.023835,-0.310188,0.652787,-0.850668,-0.973077,0.953424,-0.953302,0.990320,0.827505,-0.621140,0.368021,-0.111270,-0.088717,0.324257,-0.574020,0.741504,-0.869010,0.960595,-0.959344,0.956292,-0.950067,0.903892,-0.770741,0.637711,-0.505689,0.322182,-0.155979,0.030213,0.090395,-0.203618,0.381174,-0.500684,0.589218,-0.649675,0.712756,-0.772023,0.804433,-0.801656,0.796681,-0.778096,0.774647,-0.757374,0.759815,-0.754536,0.746051,-0.686419,0.648973,-0.594497,0.559462,-0.515211,0.486523,-0.449200,0.430858,-0.400248,0.387369,-0.363840,0.352578,-0.333627,0.327645,-0.313729,0.314461,-0.303963,0.306679,-0.300819,0.310402,-0.307076,0.327370,-0.334786,0.359903,-0.377817,0.409617,-0.425121,0.436351,-0.408702,0.412394,-0.397227,0.384073,-0.372721,0.376596,-0.379313,0.396677,-0.393473,0.365915,-0.304298,0.238196,-0.166111,0.150883,-0.156162,0.114932,-0.044801,-0.022980,0.075533,-0.063112,0.069002,-0.090945,0.175419,-0.208837,0.195501,-0.184422,0.230627,-0.264564,0.221227,-0.147495,0.174901,-0.214361,0.260383,-0.715808,-0.782124,0.266089,-0.237128,0.203588,-0.141239,0.172551,-0.175419,0.086123,-0.048555,0.059541,0.029023,-0.015717,-0.010742,-0.073976,0.049012,-0.057344,0.130741,-0.053865,0.032014,-0.020020,-0.047761,-0.013794,-0.012482,0.039735,-0.011689,0.086855,0.005005,0.043855,0.010590,0.008576,-0.040437,-0.016480,0.011109,-0.091189,0.006409,-0.041322,-0.033479,-0.037873,-0.034944,-0.009491,-0.071627,-0.013642,-0.019196,-0.055788,-0.002686,-0.048799,-0.011170,-0.011139,-0.016053,0.098330,-0.001801,0.041658,0.076601,-0.064058,0.075991,-0.137821,0.018525,-0.019104,-0.826986,0.030824,0.158848,-0.681780,-0.666551,0.113711,-0.001465,0.118838,-0.221746,0.856497,0.444225,0.213476,-0.059785,0.015625,0.151798,-0.366190,-0.991511,-0.342111,0.160710,0.084536,-0.406565,-0.917595,-0.361581,-0.047883,0.798635,0.364145,0.970148,-0.829428,-0.413249,-0.768879,-0.115909,0.932946,-0.901237,0.730487,-0.278999,-0.084292,0.740161,-0.894401,-0.843588,-0.684221,0.286079,0.209783,-0.908592,-0.836172,-0.959619,0.488446,0.458141,0.488202,0.689928,0.967676,-0.942254,-0.811239,0.459393,0.106906,-0.706652,-0.967828,0.864615,-0.870597,-0.785603,0.349954,0.132846,-0.657121,0.942468,0.867728,-0.812887,-0.948388,0.594864,-0.158756,-0.222113,0.694720,-0.958520,-0.862784,0.858206,-0.986109,-0.712756,0.392222,-0.010346,-0.380320,0.750385,-0.944970,-0.913597,0.901665,-0.923302,-0.819296,0.584152,-0.250861,-0.036714,0.364206,-0.672106,0.839804,-0.999659,-0.948510,0.951776,-0.979914,-0.818380,0.638352,-0.429057,0.181309,0.043733,-0.263099,0.533613,-0.681627,0.792867,-0.909843,0.955041,-0.955407,0.959924,-0.951776,0.827871,-0.684740,0.578445,-0.468060,0.315834,-0.163426,0.039308,0.087557,-0.204381,0.378916,-0.485516,0.557814,-0.600845,0.646958,-0.684740,0.744190,-0.763905,0.770802,-0.766194,0.765522,-0.753162,0.748523,-0.734180,0.732959,-0.723193,0.718005,-0.683580,0.649034,-0.614609,0.588607,-0.559127,0.541701,-0.516309,0.504804,-0.487592,0.482983,-0.472027,0.474865,-0.470837,0.476788,-0.478100,0.480176,-0.479108,0.482678,-0.473736,0.455029,-0.434978,0.438701,-0.417552,0.407878,-0.398264,0.397807,-0.399760,0.422862,-0.426036,0.433269,-0.383951,0.354806,-0.293037,0.243720,-0.189000,0.175633,-0.173192,0.120029,-0.037934,-0.042451,0.095553,-0.083376,0.096804,-0.110995,0.168797,-0.222723,0.198858,-0.171177,0.190770,-0.242926,0.232367,-0.168278,0.105197,-0.110385,0.077669,0.025300,-0.064699,0.043183,-0.049287,0.128024,-0.098513,0.077700,-0.938226,0.151737,-0.077395,0.068727,-0.064485,-0.036073,0.031525,0.003510,0.063387,-0.038758,0.038789,-0.116702,0.078035,-0.033814,0.058229,0.052369,0.000763,0.014771,-0.049470,0.002777,-0.082338,0.034669,-0.031312,0.009644,0.039491,0.040528,0.024201,0.042878,0.062898,-0.016846,0.058351,0.018830,0.016449,0.019013,0.014862,0.043824,-0.018128,0.023011,0.057100,-0.018342,0.119662,-0.074831,0.202184,-0.204442,0.713427,0.852255,-0.374521,0.246619,0.963251,0.226568,-0.696246,-0.801686,0.263465,-0.095767,0.004974,0.050264,-0.127506,0.029053,0.065065,-0.172856,0.251746,-0.202398,0.163853,0.030488,-0.151310,0.354165,-0.166111,0.021546,0.710284,0.537733,0.611435,-0.260352,-0.014008,0.737628,0.498059,0.884391,-0.478711,0.073061,0.676317,0.573959,0.783070,-0.897300,0.672624,-0.361612,-0.003357,0.713855,-0.908501,0.865378,-0.360879,-0.544417,-0.362070,-0.893760,-0.877891,-0.820242,0.562758,-0.075930,-0.685991,-0.855185,0.850302,0.954492,-0.641618,0.061525,0.662187,0.988306,-0.857871,0.907890,0.766743,-0.250525,-0.357797,0.823293,0.902977,-0.818594,0.971887,0.683367,-0.204229,-0.309731,0.748096,0.996363,-0.813283,0.864707,0.829641,-0.529615,0.090243,0.354318,-0.747699,0.993647,0.853842,-0.852805,-0.933678,0.690233,-0.367929,-0.029420,0.450329,-0.726184,0.929589,0.899589,-0.875266,0.951165,0.813039,-0.599533,0.293709,0.023652,-0.344003,0.633591,-0.794240,0.975549,0.939446,-0.939721,0.980036,0.842703,-0.673723,0.518293,-0.260596,0.022828,0.196050,-0.452282,0.610397,-0.715594,0.828390,-0.935509,0.973718,-0.961725,0.951104,-0.875663,0.760761,-0.648942,0.560561,-0.464825,0.328927,-0.172795,0.043367,0.077211,-0.186040,0.324135,-0.422923,0.491010,-0.529066,0.572951,-0.600815,0.644364,-0.682604,0.735553,-0.746265,0.749347,-0.743732,0.737506,-0.721454,0.714465,-0.694964,0.685686,-0.669298,0.662096,-0.648698,0.642014,-0.622666,0.613541,-0.590957,0.582321,-0.560927,0.554579,-0.536726,0.537214,-0.523359,0.511457,-0.489850,0.479932,-0.457501,0.447063,-0.435070,0.431865,-0.430766,0.448009,-0.450909,0.457287,-0.417125,0.395365,-0.356302,0.317238,-0.264686,0.231176,-0.202916,0.197393,-0.179509,0.134037,-0.052644,-0.034821,0.092226,-0.086611,0.111636,-0.131381,0.186070,-0.236151,0.238592,-0.193029,0.165379,-0.203710,0.227087,-0.183141,0.130039,-0.114108,0.139957,-0.070558,-0.033021,0.052522,-0.052369,0.106692,-0.168553,0.130313,-0.100955,0.974329,-0.181065,0.159062,-0.214361,0.337777,-0.745655,-0.793843,0.277747,-0.235174,0.174870,-0.104251,0.186620,-0.155399,0.191869,-0.336068,0.749897,0.768177,-0.268714,0.220526,-0.088747,0.914482,-0.062471,0.044679,-0.058626,-0.037110,-0.009979,-0.043916,-0.017640,-0.812581,0.004639,-0.030915,0.059236,0.010590,0.011719,0.033814,0.017029,0.040620,-0.005371,0.050538,0.006836,-0.043031,0.015839,-0.047456,0.016236,-0.045198,-0.071779,0.090701,-0.159794,0.143253,-0.260566,0.759754,0.900780,-0.380198,0.328316,-0.171422,0.206060,-0.651414,-0.910240,0.415111,-0.310036,-0.990564,-0.587112,0.980982,0.460156,-0.303810,0.221868,-0.405833,0.911827,0.445904,-0.248633,-0.054506,0.693102,-0.512250,0.380106,-0.239966,0.046418,0.980280,-0.834890,0.463482,-0.206762,-0.546828,-0.278510,0.876945,0.616806,-0.293007,-0.487286,-0.353830,0.984430,0.981134,-0.706561,0.529585,0.029847,-0.879417,0.802785,0.935082,0.827352,-0.512311,-0.238653,0.866507,0.922417,0.971399,-0.628525,-0.303078,-0.475567,-0.558181,0.962427,0.952844,0.951409,-0.605148,0.002869,0.535292,-0.862235,-0.817892,0.834402,0.915123,-0.589492,0.039338,0.425548,-0.768757,-0.893760,0.805837,-0.930382,-0.780049,0.461773,0.020142,-0.445537,0.774861,0.952386,-0.848593,0.895317,0.910576,-0.678789,0.309639,0.091067,-0.459271,0.720263,-0.939324,-0.869925,0.894279,-0.970331,-0.817648,0.623215,-0.295479,-0.028779,0.320870,-0.591537,0.774037,-0.954431,-0.927422,0.949121,-0.981440,-0.868216,0.719440,-0.569747,0.337502,-0.073732,-0.122745,0.345315,-0.522230,0.655381,-0.761311,0.898643,-0.969934,0.958429,-0.935357,0.916588,-0.822836,0.727100,-0.633897,0.550856,-0.461621,0.316323,-0.162113,0.042329,0.060884,-0.142246,0.247839,-0.342935,0.410289,-0.459240,0.499524,-0.531965,0.569778,-0.595810,0.632004,-0.663866,0.707995,-0.718219,0.717151,-0.706835,0.700091,-0.678118,0.668291,-0.644822,0.638139,-0.615494,0.610947,-0.593368,0.582931,-0.561965,0.552321,-0.538801,0.531538,-0.516950,0.512830,-0.497602,0.500715,-0.494367,0.500470,-0.493176,0.489575,-0.455059,0.423961,-0.389414,0.349221,-0.301125,0.264411,-0.232367,0.219030,-0.211797,0.214636,-0.165593,0.132938,-0.059297,-0.018158,0.080019,-0.083162,0.106662,-0.140720,0.204534,-0.262092,0.277778,-0.235510,0.206609,-0.207647,0.255500,-0.219793,0.173680,-0.156407,0.218359,-0.253211,0.301125,-0.726764,-0.795552,0.302284,-0.276893,0.274665,-0.199010,0.160069,-0.996882,0.172886,-0.137973,0.232855,-0.327706,0.761128,0.782155,-0.269385,0.256140,-0.169987,0.091891,-0.126895,0.062868,-0.040559,0.094485,-0.013764,0.008606,0.022492,-0.097689,0.034333,-0.054017,0.037415,-0.001068,0.068971,0.021821,0.017212,0.056367,-0.033448,-0.016205,-0.001587,-0.017273,-0.058961,-0.003174,-0.039277,-0.050660,-0.022217,-0.035584,-0.023224,-0.063234,-0.013794,-0.009064,-0.091677,0.093752,-0.185094,0.262275,-0.812246,-0.728595,0.324807,-0.158909,0.180394,-0.050355,0.036103,0.001617,-0.127506,0.056734,-0.860343,-0.037843,0.122867,-0.123172,0.184453,-0.016449,-0.058321,0.221166,-0.224951,0.344949,-0.323708,-0.967920,-0.395182,0.900535,0.591140,-0.426982,0.199895,0.496045,-0.529554,0.512067,-0.400828,0.275092,0.501111,0.988520,0.720355,-0.598892,0.447857,0.155888,-0.880912,-0.993586,-0.776906,0.602096,-0.005890,0.958062,-0.074343,-0.990656,0.800008,-0.369852,-0.496778,-0.917595,0.918267,-0.949761,-0.811696,0.145847,0.590622,-0.973230,-0.897178,0.897789,0.810323,-0.119540,-0.469677,0.862113,0.845419,-0.834494,-0.919579,0.408335,0.151279,-0.637437,-0.988245,0.823354,-0.873374,-0.854392,0.407145,0.085482,-0.519972,0.886192,0.829031,-0.863852,0.992853,0.753132,-0.333993,-0.088839,0.508527,-0.815389,-0.916008,0.878196,-0.910179,-0.905479,0.654161,-0.239020,-0.101962,0.447735,-0.734027,0.986261,0.888969,-0.920891,0.973139,0.846396,-0.631608,0.298073,-0.000824,-0.248084,0.534529,-0.742450,0.924248,0.952111,-0.964746,0.996882,0.943597,-0.789327,0.632706,-0.424754,0.168858,0.033906,-0.193090,0.413737,-0.570907,0.696246,-0.810689,0.931664,-0.940026,0.920616,-0.894615,0.886436,-0.827902,0.743152,-0.648454,0.566604,-0.470745,0.343484,-0.200475,0.090487,-0.006073,-0.061769,0.132938,-0.191503,0.286109,-0.358407,0.418010,-0.459301,0.498853,-0.518598,0.544142,-0.562758,0.585372,-0.599686,0.623368,-0.641801,0.656541,-0.656175,0.651017,-0.640366,0.630845,-0.621079,0.613541,-0.602554,0.590225,-0.581558,0.570235,-0.558638,0.550368,-0.517408,0.493207,-0.460003,0.439159,-0.401805,0.366739,-0.318551,0.287117,-0.252600,0.234533,-0.221624,0.221197,-0.200750,0.164891,-0.125675,0.076174,-0.007050,-0.046876,0.088137,-0.084200,0.104953,-0.129947,0.200139,-0.268378,0.287025,-0.258948,0.233954,-0.226568,0.257117,-0.250403,0.188390,-0.110110,0.106845,-0.121249,0.087740,-0.008850,-0.044892,0.022431,-0.053224,0.159764,-0.170994,0.146885,-0.149479,0.999842,-0.156529,0.121616,-0.222753,0.303749,-0.749714,-0.769123,0.258429,-0.252753,0.177342,-0.120395,0.945703,-0.061708,0.027650,-0.063875,0.010254,0.002991,0.003143,0.110965,-0.076693,0.123386,-0.145725,0.126010,-0.296425,0.751362,0.761372,-0.286964,0.237189,-0.144016,0.192754,-0.119235,0.291359,-0.749561,-0.734973,0.301643,-0.176152,0.208684,-0.172032,0.320778,-0.803243,-0.697497,0.249274,-0.098147,0.147007,-0.053590,0.124149,-0.037751,0.035462,-0.000580,-0.075930,0.033296,-0.067049,-0.031586,0.113223,-0.141453,0.245337,-0.306282,0.788716,0.813222,-0.407084,0.272956,-0.209142,0.066377,0.107455,-0.195104,0.240179,-0.166111,0.907494,0.251776,-0.336129,0.396861,-0.363138,-0.966882,0.376108,-0.639115,0.588699,-0.592819,0.566298,-0.371744,0.825277,0.855155,-0.797872,0.675279,-0.265143,0.937188,0.934838,-0.908562,0.829275,-0.380137,-0.667802,-0.962915,-0.964563,-0.991663,-0.727252,-0.100497,0.822195,0.964136,-0.937981,0.943688,0.552718,0.209661,-0.728564,0.977014,0.994013,0.830740,0.277747,0.641343,0.401835,-0.857688,-0.921929,0.920433,0.697039,-0.157749,-0.281562,0.789449,0.896476,-0.847098,0.903770,0.726916,-0.252570,-0.128421,0.619583,-0.993189,-0.849356,0.882560,0.992853,-0.683214,0.246283,0.127597,-0.551039,0.865622,0.916405,-0.895225,0.899009,0.900902,-0.602524,0.220007,0.092410,-0.439800,0.760944,-0.985193,-0.913170,0.932793,-0.948419,-0.859885,0.632584,-0.310372,0.045045,0.199712,-0.503156,0.727893,-0.893821,-0.984705,0.987421,-0.995447,-0.982080,0.842734,-0.672472,0.496778,-0.255469,0.069734,0.091708,-0.258368,0.478436,-0.628098,0.741138,-0.838217,0.904991,-0.902885,0.897361,-0.884940,0.887046,-0.835531,0.749439,-0.647630,0.558669,-0.467358,0.372019,-0.249030,0.153782,-0.071443,0.010132,0.046418,-0.098239,0.157932,-0.220342,0.299568,-0.360269,0.405314,-0.441051,0.466900,-0.478314,0.496564,-0.500226,0.509839,-0.512952,0.517591,-0.515424,0.512830,-0.504041,0.507978,-0.496411,0.489728,-0.471386,0.460858,-0.435558,0.417369,-0.384806,0.360361,-0.319954,0.294441,-0.267524,0.252082,-0.239050,0.229803,-0.212011,0.179570,-0.142368,0.100222,-0.044801,-0.007874,0.065309,-0.096530,0.112979,-0.097018,0.119357,-0.143375,0.206182,-0.272254,0.286232,-0.261634,0.250434,-0.253028,0.287330,-0.300087,0.245795,-0.158543,0.107425,-0.122836,0.090945,-0.013947,-0.048433,0.055849,-0.036256,0.072908,-0.163914,0.153019,-0.134922,0.183995,-0.225927,0.186742,-0.134342,0.221990,-0.278785,0.731555,0.779591,-0.242743,0.233709,-0.155583,0.127414,-0.963373,0.104312,-0.021851,0.057680,0.022797,-0.014466,-0.028382,-0.059236,0.027192,-0.063997,0.098544,-0.005402,0.055910,0.009339,0.004639,-0.019532,-0.050783,0.015381,-0.085055,0.008332,-0.020203,-0.035249,-0.003510,0.033204,0.005127,0.000610,0.032349,0.017212,0.003540,0.027283,0.018036,0.028779,-0.111209,0.124912,-0.284004,0.763325,0.707965,-0.276130,0.217596,-0.280372,0.339761,-0.862143,-0.660356,0.255561,-0.182988,0.217443,-0.091830,0.033723,0.067079,-0.146915,0.291298,-0.430461,0.870078,0.826132,-0.423991,0.344461,-0.325356,0.243201,0.086245,-0.286079,0.298378,-0.379007,-0.841940,0.060335,0.703692,0.528151,-0.606552,0.668779,-0.675768,-0.911400,0.773487,-0.786336,0.863272,-0.612412,-0.774525,0.907738,-0.904045,-0.982172,-0.810628,-0.254798,0.830069,0.293495,0.952111,-0.771748,-0.444744,-0.251349,-0.607925,0.944360,0.904228,0.803518,-0.091341,-0.493756,0.844870,0.855460,0.800252,-0.803762,0.220098,0.281806,-0.778218,-0.885673,-0.794637,0.998377,-0.560225,0.048097,0.479687,-0.882011,-0.847464,0.811727,0.977197,-0.615097,0.192662,0.241705,-0.757893,-0.979456,0.877982,-0.854422,-0.924797,0.615860,-0.198583,-0.177769,0.620072,-0.875236,-0.910027,0.879508,-0.896843,-0.847922,0.581802,-0.226477,-0.082705,0.474530,-0.763416,0.959100,0.928978,-0.914421,0.935570,0.859000,-0.637254,0.376627,-0.093386,-0.151676,0.477276,-0.687334,0.831198,-0.974695,-0.982080,0.984644,-0.980432,-0.873832,0.710711,-0.556105,0.374979,-0.173161,-0.001129,0.167973,-0.380961,0.562819,-0.661973,0.744526,-0.827535,0.883384,-0.893699,0.893882,-0.882499,0.883842,-0.820272,0.730243,-0.636491,0.558974,-0.489728,0.433116,-0.352517,0.259620,-0.183934,0.112460,-0.044770,-0.006012,0.059236,-0.098849,0.151768,-0.193151,0.260077,-0.307808,0.340096,-0.355844,0.371897,-0.378855,0.385660,-0.380869,0.384409,-0.375528,0.371805,-0.357553,0.348062,-0.327798,0.319100,-0.301949,0.296944,-0.282814,0.269050,-0.259650,0.256263,-0.217748,0.185643,-0.154484,0.113406,-0.057802,0.009796,0.047609,-0.088015,0.116733,-0.126163,0.127323,-0.138309,0.156864,-0.183873,0.234595,-0.284095,0.299293,-0.262732,0.249823,-0.253882,0.295662,-0.319497,0.278663,-0.214941,0.150150,-0.118350,0.118350,-0.052949,-0.040010,0.082033,-0.046052,0.059389,-0.107028,0.172154,-0.133518,0.135746,-0.208196,0.223333,-0.171422,0.153690,-0.221838,0.263007,-0.701678,-0.780964,0.271064,-0.232702,0.151005,-0.111270,0.175786,-0.115726,0.047426,-0.069185,-0.026093,0.034181,0.007111,0.059969,-0.014679,0.039582,-0.091525,0.032197,-0.061708,0.013398,0.029176,0.026917,0.049287,0.007569,0.081545,-0.052247,0.015931,0.003265,-0.040528,-0.008423,-0.036073,-0.031983,-0.053255,-0.015442,-0.034150,-0.041474,-0.048646,-0.002869,-0.056856,-0.010102,-0.009003,-0.025483,0.007874,-0.044343,0.083010,0.018250,0.020508,0.071413,0.011872,0.001099,0.030793,-0.217138,0.314125,-0.923302,-0.692705,0.258185,-0.192815,0.271888,-0.188024,0.186070,-0.018464,-0.047914,0.254767,-0.306191,0.270454,-0.016327,-0.978266,0.356821,-0.475049,-0.676653,-0.279609,0.823538,0.514997,0.558364,0.771046,-0.943383,-0.672136,-0.502332,-0.806325,0.927605,-0.936120,-0.444591,0.710742,-0.895683,-0.148136,0.977167,0.156468,0.614029,-0.797475,-0.931573,0.800985,0.722644,0.099093,-0.581558,0.824270,0.146641,0.886436,0.245703,0.652543,0.376932,-0.837454,-0.022095,0.972040,0.561782,-0.018280,-0.505750,0.894218,-0.788197,-0.825186,-0.807332,0.411845,0.104586,-0.643662,0.970270,0.821310,-0.860404,-0.836905,0.565688,-0.081545,-0.439220,0.810354,0.947747,-0.850760,0.882865,0.846182,-0.569015,0.140659,0.266822,-0.661394,0.886833,0.893180,-0.853262,0.927880,0.808889,-0.574722,0.230444,0.119449,-0.498365,0.741779,-0.918022,-0.916496,0.905571,-0.938744,-0.853507,0.666826,-0.442547,0.150242,0.117770,-0.416423,0.634263,-0.768544,0.918999,0.981501,-0.967737,0.986261,0.917137,-0.755970,0.627030,-0.498334,0.308510,-0.111392,-0.058809,0.235937,-0.436687,0.563247,-0.639939,0.719958,-0.800130,0.882377,-0.899711,0.895500,-0.880271,0.868247,-0.811178,0.730304,-0.645646,0.584060,-0.523176,0.476727,-0.423778,0.375986,-0.294777,0.220220,-0.153721,0.096804,-0.042909,0.000793,0.043244,-0.075075,0.109988,-0.137912,0.165135,-0.179600,0.210699,-0.219732,0.240149,-0.242255,0.252600,-0.240362,0.246130,-0.225164,0.222296,-0.194615,0.184972,-0.160710,0.141025,-0.103884,0.072145,-0.027680,-0.012604,0.057313,-0.092562,0.123050,-0.136325,0.135532,-0.152287,0.171238,-0.194249,0.227362,-0.262305,0.309517,-0.329629,0.319893,-0.281990,0.259009,-0.257209,0.294227,-0.314308,0.276405,-0.221014,0.176213,-0.143986,0.159886,-0.115359,0.030335,0.066316,-0.065370,0.076204,-0.105136,0.172154,-0.178258,0.132297,-0.123996,0.980097,-0.147770,0.093600,-0.084933,0.106326,-0.016388,-0.054201,0.033326,-0.056642,0.130130,-0.068819,0.047700,-0.116672,0.079439,-0.041139,0.089541,0.003784,-0.030122,0.020142,-0.084536,0.047273,-0.004334,0.078219,-0.014466,0.068025,-0.041993,-0.033967,-0.004669,-0.068910,0.003876,-0.041291,0.054750,-0.017701,0.070650,0.044221,0.001129,0.074343,0.013062,0.037019,0.016022,0.051301,0.029450,0.015320,0.033021,0.043550,0.006073,0.064668,0.019227,0.055116,0.026459,0.042634,-0.811788,0.075533,-0.278816,0.768086,0.705096,-0.245734,0.976587,-0.192357,0.386851,-0.901481,-0.598770,0.153477,-0.153812,0.131443,-0.191045,0.164128,-0.081118,-0.834433,0.238959,-0.427928,-0.946069,0.514204,0.969446,0.312660,-0.348977,0.414256,-0.562880,0.209539,0.130527,-0.203405,0.348703,-0.469098,0.633073,-0.856009,0.236517,0.227758,-0.390971,0.574142,-0.799916,0.170018,0.259681,-0.426128,0.621689,-0.854270,0.144535,0.302650,-0.464611,0.623581,-0.855338,0.257148,0.335061,-0.475445,0.624070,-0.917748,0.329262,0.290138,-0.443157,0.560164,-0.895469,0.475934,0.123325,-0.385050,0.571212,-0.805471,0.503980,-0.019959,-0.282966,0.476086,-0.514051,0.320137,-0.018403,-0.204381
0.784077,-0.823171,-0.869132,-0.308205,-0.200353,0.584304,0.965631,0.900902,-0.911308,0.234869,0.181401,-0.666460,-0.836844,-0.835409,0.845969,-0.385447,-0.077700,0.611618,-0.397379,0.187657,-0.114932,0.079867,-0.044435,0.033997,-0.007172,0.012421,0.000519,0.011689,0.005615,0.000732,0.007996,0.003784,0.006256,0.003723,0.003418,0.003662,0.005219,0.005005,0.005798,0.005921,0.013184,0.005066,0.009979,0.007324,0.021027,-0.011505,0.007355,0.002625,0.019471,-0.003143,0.013764,-0.019318,0.009766,-0.013550,0.017243,-0.007965,0.014710,0.004791,0.006928,-0.001862,0.003510,-0.006439,0.004669,-0.007263,0.011231,-0.019104,0.011811,-0.021668,0.006043,-0.010681,0.026734,0.009705,0.007111,-0.003418,0.004456,0.003876,0.020478,-0.012909,0.012604,-0.018708,0.020051,0.000916,0.013306,-0.001343,0.018830,0.007996,0.020844,-0.003388,0.008667,-0.008545,0.029237,-0.001068,0.020752,-0.012940,0.003418,-0.017701,0.006836,-0.016327,0.021302,-0.000275,0.020325,0.001068,0.013001,-0.011933,0.019837,0.000214,0.028443,0.000519,0.016205,-0.003265,0.013214,-0.011658,0.021576,-0.011963,0.026185,-0.007355,0.022034,-0.014161,0.006928,-0.013977,0.008728,-0.003326,0.019928,-0.007446,0.022065,-0.011170,0.007050,0.001251,0.021302,-0.006165,-0.002136,-0.012543,0.008789,-0.009705,0.021760,0.003754,0.013428,-0.006714,0.031953,-0.019104,0.025117,-0.008515,0.017548,-0.004028,0.010559,-0.000824,0.018128,-0.009552,0.019440,-0.001129,0.015259,0.007202,0.000519,-0.000458,0.006775,-0.007477,0.012818,-0.005554,0.015046,0.004578,0.014923,-0.008332,0.016694,-0.011231,0.021882,0.010224,0.010956,-0.007569,0.007630,-0.005798,0.012238,-0.014649,0.013398,-0.000519,0.005554,-0.008850,0.008362,0.003235,0.003479,-0.003296,0.020783,-0.007660,0.015809,-0.015503,0.003357,0.007080,0.005860,-0.009979,0.033967,-0.008026,0.011536,0.002350,0.022400,0.004852,0.012390,-0.002625,0.012177,-0.012818,0.009369,0.001862,0.016114,0.010376,0.009766,-0.001617,0.020356,-0.012268,0.020234,0.002136,0.023530,0.001160,0.012146,0.007172,0.024598,0.008393,0.010956,0.003601,0.017640,-0.013611,0.018006,-0.005127,0.019532,0.005005,0.014099,-0.002564,0.014557,-0.010315,0.018250,-0.007660,0.015381,-0.008820,0.024171,-0.002075,0.009796,-0.006714,-0.003418,0.003510,0.014313,-0.003082,0.025513,0.003357,-0.003265,0.005554,0.016236,-0.017273,0.002960,0.002472,0.012665,-0.012513,0.012238,0.002380,0.009735,-0.003632,0.004273,-0.000916,0.013977,-0.002503,0.018586,0.011963,0.014740,-0.003967,0.007324,-0.003418,0.016297,0.006439,0.025239,0.003082,-0.000092,-0.005707,0.001160,0.001770,0.013520,-0.002533,0.017365,0.005829,0.022584,0.000549,0.008576,-0.002564,0.018799,-0.013977,0.003296,-0.003082,0.003357,-0.009339,0.017395,-0.008423,0.015381,-0.012696,0.012482,-0.007660,0.012696,-0.011536,0.007599,-0.008911,0.016785,0.009094,0.014740,-0.013947,0.009613,-0.010224,-0.000275,-0.003510,0.003510,0.003204,0.008850,-0.002014,0.021638,0.009278,0.013886,-0.016388,0.011017,0.001617,0.005188,-0.002106,0.006867,-0.014313,0.012238,-0.000793,0.007691,0.000000,0.009308,0.000977,0.015534,-0.005280,0.004334,0.007141,0.006134,-0.002319,0.008362,-0.012451,0.004669,0.000244,0.007355,-0.004730,0.009156,-0.001556,0.004059,0.005585,0.035096,0.014771,0.000458,0.015015,0.007477,0.001434,0.012421,0.009400,-0.000458,0.004486,0.008240,0.002991,0.014923,0.003357,0.002319,-0.004761,0.014985,-0.006897,0.012360,-0.000488,0.006745,0.005127,0.019104,0.005249,0.021363,0.010010,0.020661,0.003021,0.009033,-0.010163,0.007294,-0.006409,0.014801,-0.010132,0.002503,-0.004120,0.017456,-0.004273,0.003204,0.001465,0.009888,-0.007355,0.010132,0.004150,0.011475,-0.011658,0.011017,0.018738,0.011566,-0.004242,0.025513,-0.021638,0.043672,-0.032746,0.028413,-0.003418,0.025422,-0.013825,0.050142,0.001495,0.032868,-0.029023,0.022797,-0.028504,0.020875,-0.022126,0.019440,-0.003388,0.011505,-0.027283,0.061433,-0.077822,0.066805,-0.047609,-0.023530,0.098239,-0.105960,0.116519,-0.026307,-0.093935,0.266395,-0.344766,0.336251,-0.155735,-0.121188,0.403117,-0.549849,0.528456,-0.219854,-0.277076,0.610275,-0.611252,0.529890,-0.404551,-0.435833,0.695666,-0.602402,0.528120,-0.490521,-0.633134,0.702929,-0.631913,0.560530,-0.549696,-0.757343,0.676439,-0.633103,0.579147,-0.573775,-0.849875,0.670885,-0.634415,0.595993,-0.601456,-0.909081,0.679094,-0.649217,0.597793,-0.660966,0.958551,0.755482,-0.694781,0.690233,-0.713092,0.671770,-0.396586,-0.917473,0.975763,-0.892753,0.916130,-0.749286,-0.041261,0.903068,0.169957,0.981867,-0.995600,0.591568,0.268653,-0.799520,0.980890,-0.954126,0.765003,0.342599,0.477765,0.518629,-0.947381,-0.960199,-0.993098,0.448009,0.117648,-0.642289,0.981440,0.842154,-0.868979,-0.742847,0.184636,0.226782,-0.748432,-0.905266,0.873557,-0.923912,-0.745624,0.279395,0.085543,-0.600723,0.948480,0.882102,-0.903190,0.998072,0.711749,-0.291603,-0.073946,0.504377,-0.822469,-0.927941,0.911491,-0.895103,-0.905327,0.638841,-0.243597,-0.045411,0.370767,-0.704089,0.924767,0.941979,-0.951287,0.933129,0.875999,-0.672624,0.381144,-0.106295,-0.132480,0.433391,-0.672807,0.836660,0.996516,0.987696,-0.993769,-0.999842,-0.856101,0.693499,-0.545576,0.281562,-0.108584,-0.051576,0.203008,-0.456799,0.593033,-0.707171,0.807882,-0.905174,0.877616,-0.878867,0.871146,-0.883689,0.848166,-0.739856,0.643052,-0.570937,0.487073,-0.403849,0.257575,-0.166630,0.090639,-0.036500,-0.027253,0.073915,-0.138523,0.194463,-0.291908,0.357461,-0.401957,0.421825,-0.444591,0.454418,-0.475201,0.477643,-0.490369,0.486157,-0.499402,0.494306,-0.504957,0.491132,-0.493634,0.479108,-0.478833,0.460705,-0.449963,0.424785,-0.410655,0.381388,-0.359201,0.320351,-0.295418,0.257331,-0.237128,0.209753,-0.206090,0.176823,-0.158665,0.134677,-0.107211,0.051973,-0.007996,-0.047792,0.087252,-0.118808,0.122195,-0.132999,0.136173,-0.187840,0.246344,-0.280708,0.278114,-0.258796,0.245734,-0.265143,0.269111,-0.254859,0.174046,-0.105960,0.089266,-0.087099,0.018433,0.042848,-0.065950,0.046785,-0.072023,0.139499,-0.163487,0.129825,-0.153904,0.171391,-0.133579,0.043855,-0.061220,0.033906,0.029053,-0.031770,-0.000641,-0.082369,0.087557,-0.073519,0.111972,-0.093417,0.009400,-0.046144,-0.019776,0.023774,0.021576,0.041230,-0.043550,0.052156,-0.100588,0.010010,-0.038453,-0.005493,0.004303,0.018708,0.054506,-0.016907,0.063570,-0.020844,-0.003326,0.023621,-0.013337,-0.035645,-0.016724,-0.007965,-0.048280,-0.018769,-0.028657,-0.015412,-0.058534,0.010285,-0.004364,-0.016266,0.020691,-0.040589,0.063722,-0.018219,0.009125,0.067690,-0.038392,0.079683,-0.061739,-0.035340,0.052034,-0.153507,0.060304,-0.046144,-0.013337,0.083346,-0.154484,0.191838,-0.102786,-0.074038,0.182103,-0.203802,0.229376,-0.196263,-0.111239,0.303017,-0.312813,0.387888,0.831930,-0.046693,-0.710559,-0.523512,0.599411,-0.668657,0.705981,0.886375,-0.753834,0.774281,-0.868796,0.636246,0.734821,-0.900841,0.887657,0.978723,0.816305,0.223181,-0.794057,0.909203,-0.931450,0.799977,0.393626,0.283760,0.568831,-0.917809,-0.906242,-0.823721,0.114810,0.447491,-0.807576,-0.885887,-0.801412,0.828482,-0.258277,-0.233771,0.731372,0.901237,-0.806691,0.990137,0.592483,-0.082735,-0.433757,0.839651,0.866172,-0.833822,-0.984735,0.644517,-0.203802,-0.201177,0.720263,-0.995142,-0.905662,0.861563,0.926476,-0.644547,0.201970,0.137027,-0.602829,0.845297,0.915306,-0.900169,0.884605,0.841788,-0.604385,0.215948,0.063387,-0.454296,0.733203,-0.934197,-0.957208,0.935693,-0.933159,-0.849783,0.646440,-0.405101,0.121433,0.110263,-0.430827,0.648667,-0.798238,0.953820,-0.992914,0.997858,0.986048,0.874320,-0.716662,0.577987,-0.415355,0.192815,-0.039460,-0.125125,0.330270,-0.523695,0.614426,-0.705859,0.790028,-0.881492,0.870933,-0.880210,0.875144,-0.884330,0.838614,-0.723102,0.632828,-0.567153,0.497632,-0.446544,0.366434,-0.268836,0.171116,-0.119540,0.058961,-0.013794,-0.038026,0.077974,-0.127902,0.165684,-0.237097,0.286842,-0.336739,0.350198,-0.365457,0.361978,-0.368784,0.361520,-0.365762,0.351754,-0.349008,0.335671,-0.330483,0.311653,-0.302559,0.281776,-0.274696,0.254035,-0.245306,0.221075,-0.210760,0.182988,-0.167485,0.135074,-0.103396,0.051637,-0.007782,-0.052827,0.088930,-0.129856,0.139682,-0.161991,0.159489,-0.168461,0.187749,-0.232855,0.269813,-0.290016,0.277656,-0.250373,0.246588,-0.278633,0.286781,-0.283485,0.218878,-0.153660,0.111819,-0.107699,0.061800,0.015961,-0.078219,0.069826,-0.066225,0.094454,-0.156345,0.139805,-0.122348,0.165318,-0.182896,0.118655,-0.068056,0.067354,-0.018311,-0.062105,0.044923,-0.032441,0.081881,-0.090762,0.058168,-0.125369,0.111636,-0.040528,0.052217,0.020203,-0.050630,-0.002747,-0.042482,0.031953,-0.028291,0.092287,-0.040589,0.032105,-0.017487,-0.039430,-0.024415,-0.046113,-0.000397,-0.061189,0.063478,-0.016816,0.004120,0.043275,0.009125,0.028718,0.028352,0.047578,0.008881,0.029572,0.036714,0.039826,-0.004395,0.056123,0.010254,0.011475,0.033692,-0.006104,0.060457,-0.068361,-0.026551,-0.002808,-0.095248,0.027314,-0.079256,0.042146,0.081118,-0.078005,0.132907,-0.069795,-0.013092,0.044221,-0.189733,0.144108,-0.152927,0.008850,0.066316,-0.239569,0.315285,-0.283699,0.005341,0.188359,-0.334817,0.447582,0.687060,0.291664,-0.852805,-0.497846,0.643723,-0.756916,0.982264,0.634324,-0.694872,0.797719,-0.910637,0.967737,0.397685,-0.675951,0.883567,0.961389,-0.969568,-0.208898,-0.585311,0.762196,0.969385,-0.822225,-0.739704,-0.099978,0.619828,-0.888542,-0.826956,0.857688,0.535780,0.085116,-0.623063,0.946923,-0.828115,-0.931817,-0.616104,0.050691,0.462170,-0.857199,-0.816213,0.823721,0.800985,-0.435314,-0.067446,0.612564,-0.929040,-0.843771,0.845908,0.833242,-0.586807,0.105319,0.400004,-0.772877,-0.976709,0.870353,-0.878684,-0.847830,0.594833,-0.170445,-0.216772,0.632157,-0.847006,-0.906792,0.868125,-0.923241,-0.814168,0.599838,-0.246863,-0.082857,0.467907,-0.705248,0.879722,0.934167,-0.924584,0.925560,0.845022,-0.679064,0.480847,-0.170720,-0.084994,0.379129,-0.599808,0.736011,-0.893577,0.994471,0.993128,-0.998835,-0.919396,0.751453,-0.635545,0.513593,-0.326638,0.124423,0.027894,-0.200414,0.413554,-0.530256,0.600540,-0.688036,0.772358,-0.878471,0.871909,-0.877769,0.865500,-0.862998,0.823965,-0.730762,0.643296,-0.589248,0.531172,-0.490216,0.443828,-0.405589,0.322030,-0.237891,0.155644,-0.114444,0.058961,-0.026185,-0.021912,0.046235,-0.082491,0.100344,-0.129337,0.144962,-0.171727,0.185277,-0.204320,0.200902,-0.213903,0.201604,-0.205846,0.190038,-0.187688,0.171238,-0.166539,0.146091,-0.131229,0.099337,-0.073244,0.025880,0.010834,-0.060854,0.098757,-0.139225,0.142643,-0.171177,0.183385,-0.193944,0.201543,-0.229986,0.256537,-0.298195,0.315132,-0.322579,0.301063,-0.270759,0.249121,-0.278541,0.287605,-0.284797,0.233404,-0.185765,0.139927,-0.135929,0.103610,-0.033967,-0.063112,0.083590,-0.089449,0.112430,-0.173955,0.181767,-0.144169,0.114291,-0.168187,0.156437,-0.105044,0.079043,-0.094821,0.028382,0.053895,-0.051759,0.050721,-0.110446,0.087527,-0.049226,0.101596,-0.097659,0.043733,-0.072725,0.013123,0.039857,-0.023011,0.067446,-0.061403,0.007538,-0.078249,0.030213,-0.053377,0.051484,0.031709,0.008270,0.033204,-0.027589,0.024537,-0.062563,0.013642,-0.066499,-0.041230,-0.000549,-0.063387,0.000641,-0.019013,-0.005188,-0.027680,-0.009430,-0.002716,-0.015046,-0.032655,-0.001373,-0.055574,-0.032929,-0.024872,-0.061281,0.014588,-0.075228,0.040589,0.023316,-0.047914,0.082583,-0.057741,0.042421,-0.009003,-0.087405,0.109408,-0.120883,0.845816,0.058168,-0.103701,0.181676,-0.175908,0.058382,0.040925,-0.175816,0.232336,-0.356088,0.121249,0.094729,-0.265540,0.422008,-0.498822,0.519544,0.211614,-0.384958,0.530134,-0.783253,0.799214,0.326119,-0.475354,0.652604,0.226995,0.787923,0.007019,-0.503064,0.663377,0.966943,0.846884,-0.636552,-0.237311,0.597549,-0.907799,0.048555,0.927178,0.282569,0.265174,-0.668871,-0.894065,-0.846274,0.827230,-0.241888,-0.247473,0.711474,0.821615,-0.792561,-0.836996,0.420055,0.080874,-0.634202,-0.969019,0.795674,-0.939874,-0.748371,0.273444,0.215460,-0.707415,-0.958215,0.843466,-0.913628,-0.810567,0.492169,0.028992,-0.512495,0.777516,0.909019,-0.869590,0.910362,0.806051,-0.547621,0.090701,0.275275,-0.642075,0.867026,0.876273,-0.889671,0.961053,0.803945,-0.616959,0.213537,0.101412,-0.469159,0.680498,-0.882499,-0.926140,0.925896,-0.952844,-0.869254,0.698290,-0.535078,0.186437,0.054536,-0.321846,0.543990,-0.691729,0.833151,0.990534,0.995508,-0.986567,0.952325,-0.809682,0.689928,-0.591995,0.456493,-0.212621,0.039063,0.102725,-0.270545,0.435253,-0.528669,0.598282,-0.687487,0.771473,-0.882469,0.857871,-0.852103,0.827505,-0.822225,0.810598,-0.763355,0.672960,-0.624497,0.573318,-0.538283,0.492993,-0.463299,0.422862,-0.391520,0.320626,-0.246954,0.171788,-0.133701,0.092226,-0.068178,0.040773,-0.025086,0.005432,0.003265,-0.015839,0.020966,-0.030549,0.024750,-0.026459,0.012696,-0.006287,-0.012177,0.023316,-0.053071,0.071230,-0.105258,0.120761,-0.147983,0.149723,-0.178899,0.181340,-0.196508,0.203954,-0.232458,0.261115,-0.302254,0.334634,-0.369028,0.359811,-0.362863,0.326913,-0.297981,0.270881,-0.283393,0.286995,-0.278724,0.220373,-0.173100,0.135379,-0.137699,0.120670,-0.082430,-0.008667,0.068422,-0.088442,0.095004,-0.166294,0.211553,-0.208440,0.148075,-0.143162,0.167637,-0.138065,0.074373,-0.094271,0.094302,-0.034730,-0.045045,0.029481,-0.082338,0.137638,-0.122531,0.064119,-0.111300,0.069765,-0.037965,0.072267,-0.045289,-0.034669,0.008209,-0.092532,0.081698,-0.025086,0.060640,-0.016419,0.027344,-0.065767,-0.019532,-0.015076,-0.049379,0.044496,-0.004852,0.049318,-0.003571,0.061952,-0.023652,0.003967,0.049104,-0.056642,0.006745,-0.020417,-0.006928,-0.035096,-0.017914,-0.000885,-0.041108,-0.030824,0.021790,-0.019349,0.018189,-0.003967,0.003540,0.050203,-0.045106,0.051668,0.004700,-0.012574,0.060579,-0.101077,0.048341,-0.018586,-0.094027,0.077608,-0.112033,0.092593,-0.047029,-0.081576,0.192327,-0.206640,0.912865,0.003571,-0.083101,0.239264,-0.346597,0.254218,0.030518,-0.104861,0.332528,-0.488782,0.662096,-0.036134,-0.210668,0.425395,-0.717944,0.945764,0.050874,-0.306099,0.538435,-0.860190,0.981989,-0.368082,-0.220648,0.508283,-0.876517,0.886314,-0.996973,0.097933,0.296058,-0.683733,-0.827200,-0.832083,0.637711,-0.025605,-0.393900,0.865012,-0.872611,-0.902061,-0.640672,0.077303,0.386027,-0.949151,0.817617,0.893943,0.739215,-0.245673,-0.239783,0.780720,0.839682,-0.877708,-0.960595,0.643174,-0.093752,-0.378427,0.796895,0.869437,-0.904045,0.960748,0.781209,-0.310829,-0.130100,0.566237,-0.849051,-0.873618,0.885734,-0.961969,-0.797322,0.454876,-0.039765,-0.305122,0.656602,-0.939751,-0.896965,0.922295,-0.968561,-0.826101,0.597122,-0.193975,-0.099215,0.417918,-0.677751,0.884086,0.933648,-0.961664,0.965692,0.907371,-0.748249,0.570296,-0.245154,0.010193,0.188603,-0.480908,0.638139,-0.799001,0.967218,-0.979029,0.954797,-0.949578,0.901817,-0.770832,0.658800,-0.547469,0.345712,-0.154911,0.014222,0.104586,-0.246497,0.409434,-0.511518,0.587081,-0.669206,0.750599,-0.851675,0.829336,-0.817281,0.790334,-0.784138,0.770039,-0.777089,0.756855,-0.712085,0.641068,-0.599624,0.550398,-0.517744,0.475628,-0.455730,0.415782,-0.394785,0.360605,-0.332558,0.284950,-0.251441,0.211401,-0.189946,0.167515,-0.163517,0.151279,-0.157322,0.151463,-0.162602,0.159123,-0.170109,0.175053,-0.196416,0.189672,-0.210210,0.209173,-0.222113,0.230749,-0.254096,0.272071,-0.313423,0.341928,-0.380411,0.388041,-0.405619,0.389811,-0.379374,0.346627,-0.331460,0.317696,-0.326119,0.316597,-0.301033,0.233160,-0.171391,0.129123,-0.134220,0.112887,-0.083925,0.008454,0.051515,-0.079531,0.072908,-0.126254,0.196813,-0.228949,0.197759,-0.171879,0.176762,-0.190770,0.119296,-0.064333,0.072359,-0.077272,0.005554,0.034486,-0.020630,0.072390,-0.146885,0.112796,-0.093295,0.115665,-0.073610,0.019898,-0.066561,0.024720,0.018952,0.005921,0.071566,-0.100711,0.045411,-0.081667,0.031068,-0.017090,0.039521,0.015076,-0.001740,0.025361,-0.064119,0.008942,-0.068605,-0.010895,-0.034394,0.043214,-0.019593,0.002106,0.048280,-0.020295,0.057374,0.022370,0.035554,0.021180,0.025056,0.052553,0.006134,0.028046,0.045991,-0.008881,0.030701,-0.001556,0.025330,0.019257,-0.078615,0.021363,-0.061525,-0.050233,0.002472,-0.086062,0.101168,-0.007813,-0.001923,0.119937,-0.117618,0.084322,-0.071596,-0.060823,0.089999,-0.208715,0.169377,-0.123782,-0.053865,0.222570,-0.325722,0.383951,-0.113803,-0.051027,0.237005,-0.528089,0.852377,-0.215917,-0.056886,0.289955,-0.678698,-0.878196,-0.250525,-0.060670,0.345376,-0.773823,-0.973566,-0.791798,0.060365,0.189549,-0.647233,0.819418,-0.830984,0.455334,-0.008606,-0.433513,-0.990992,-0.929040,0.916863,-0.371683,-0.047090,0.622116,0.805990,-0.794515,-0.843527,0.415935,0.048250,-0.694933,-0.849844,0.862937,0.951348,-0.616226,0.068178,0.490033,-0.964563,-0.859824,0.860495,0.868766,-0.472088,-0.023743,0.544112,-0.913811,-0.892112,0.885856,-0.985804,-0.683001,0.176243,0.157108,-0.626938,0.928551,0.882469,-0.898613,0.979090,0.747364,-0.387797,0.019654,0.322701,-0.708209,0.955835,0.924248,-0.941827,0.940850,0.822683,-0.582015,0.185185,0.072786,-0.398081,0.677599,-0.890800,-0.973016,0.972711,-0.978571,-0.960962,0.766712,-0.590927,0.285102,-0.072390,-0.132480,0.375803,-0.604233,0.746570,-0.899986,0.943963,-0.936455,0.930901,-0.945275,0.857291,-0.731403,0.610458,-0.491559,0.274665,-0.132938,0.010468,0.093264,-0.228186,0.402262,-0.513563,0.582839,-0.653947,0.708728,-0.797444,0.797444,-0.784932,0.763508,-0.761616,0.745899,-0.750660,0.745899,-0.756733,0.728961,-0.681597,0.616318,-0.578658,0.530928,-0.507093,0.466503,-0.448742,0.413890,-0.399851,0.374491,-0.362497,0.339791,-0.335091,0.319374,-0.317757,0.303810,-0.302284,0.289405,-0.295967,0.286537,-0.298225,0.296028,-0.310127,0.322335,-0.352975,0.372049,-0.399119,0.408397,-0.422557,0.415996,-0.413646,0.386484,-0.378916,0.362222,-0.362894,0.361307,-0.372660,0.345620,-0.322243,0.249793,-0.186864,0.132968,-0.129947,0.105624,-0.064058,-0.005768,0.059511,-0.083956,0.081392,-0.092379,0.147983,-0.214239,0.208898,-0.192662,0.190953,-0.225317,0.197820,-0.124118,0.060884,-0.075685,0.032502,0.032014,-0.046327,0.017273,-0.074038,0.130191,-0.104892,0.104007,-0.146915,0.097811,-0.030061,0.050752,-0.010773,-0.035371,-0.013398,-0.046754,0.065492,-0.052583,0.092593,-0.075685,0.001190,-0.038514,-0.033723,0.001679,0.000580,0.056459,-0.017579,0.063753,-0.021546,0.005768,-0.021729,-0.017975,-0.058809,-0.032288,-0.000732,-0.085238,0.016938,-0.031525,-0.025239,-0.021912,-0.023102,0.002075,-0.048890,-0.000366,-0.018738,-0.062959,-0.011566,-0.052797,-0.020691,-0.031098,-0.056856,0.074800,-0.023316,0.012909,0.045198,-0.044526,0.078188,-0.096530,0.006287,0.057130,-0.916832,0.138767,-0.076998,0.060304,0.063936,-0.133884,0.108737,0.001190,-0.206029,0.834921,0.462139,0.170323,-0.068483,-0.042909,0.177739,-0.402384,0.957757,-0.307411,0.101138,0.123325,-0.462475,-0.887382,-0.462078,0.141941,0.093478,-0.484845,0.946191,0.818624,0.395853,-0.064424,-0.327645,-0.958459,-0.969019,0.755604,-0.279182,-0.091525,0.739734,-0.884666,-0.872153,-0.654130,0.209692,0.266639,-0.995295,0.804555,0.903740,0.703539,-0.267982,-0.325600,0.945519,0.841025,-0.870139,-0.823293,0.433422,0.100802,-0.719348,-0.972772,0.883598,-0.894645,-0.761799,0.301002,0.137088,-0.686175,0.942681,0.890892,-0.840109,-0.919243,0.579299,-0.132144,-0.247199,0.696490,-0.971033,-0.898857,0.868216,0.961816,-0.692522,0.340524,0.000000,-0.404948,0.731677,-0.949029,-0.946252,0.916252,-0.942803,-0.804708,0.573653,-0.218786,-0.052705,0.376627,-0.669817,0.837027,0.975763,-0.976221,0.956506,0.981134,-0.786793,0.606369,-0.389933,0.143101,0.053163,-0.296242,0.549361,-0.687731,0.796468,-0.935570,0.933434,-0.944756,0.947778,-0.938775,0.774617,-0.660081,0.547194,-0.444652,0.246680,-0.125644,0.008148,0.097964,-0.230322,0.397501,-0.495282,0.542921,-0.596878,0.631821,-0.689013,0.740558,-0.773426,0.756367,-0.750904,0.737598,-0.741046,0.729877,-0.730579,0.725421,-0.731738,0.705798,-0.682421,0.625626,-0.587875,0.549666,-0.532240,0.508253,-0.492200,0.470898,-0.463360,0.448376,-0.447765,0.434734,-0.439525,0.436321,-0.448986,0.449322,-0.458233,0.456616,-0.463787,0.453014,-0.462689,0.447033,-0.441631,0.415324,-0.402659,0.389109,-0.390024,0.386881,-0.399088,0.396281,-0.392832,0.364786,-0.326729,0.260810,-0.205602,0.156010,-0.147343,0.117587,-0.074465,-0.007233,0.070711,-0.100863,0.101107,-0.102389,0.127353,-0.194097,0.203740,-0.185307,0.177647,-0.223577,0.229040,-0.196416,0.112674,-0.090395,0.076448,-0.003754,-0.071077,0.057405,-0.048890,0.090456,-0.128696,0.083834,-0.123172,0.155888,-0.112826,0.044740,-0.068666,-0.008972,0.046052,-0.008301,0.032594,-0.067934,0.025422,-0.100924,0.093173,-0.031037,0.049623,0.033814,-0.036988,-0.000031,-0.061769,0.004212,-0.065401,0.057710,-0.015320,0.027650,0.035645,0.027558,0.000458,0.019776,0.037873,-0.051637,0.029633,-0.021424,-0.012024,-0.012482,-0.017487,0.011902,-0.058626,0.007080,0.005646,-0.016938,0.039216,-0.020508,0.046571,0.004761,-0.018494,0.062990,-0.048066,0.036225,0.001312,-0.070680,0.072786,-0.096804,0.010193,0.006500,-0.081209,0.131290,-0.151035,0.066011,0.067781,-0.168339,0.225866,-0.180394,0.163090,0.001556,-0.170842,0.327645,-0.122440,-0.018372,0.753101,0.500715,0.669328,-0.345559,0.185521,0.022645,-0.338326,-0.817129,-0.724841,0.354532,-0.109774,-0.196294,-0.956537,0.998835,0.705126,-0.349130,-0.028840,0.755115,-0.963190,0.952600,-0.604111,0.181035,0.411815,0.842123,0.804921,-0.863120,0.592331,-0.091341,-0.673235,-0.876365,0.873252,0.918816,-0.632401,0.041688,0.662645,0.989649,-0.888298,0.922203,0.743000,-0.230810,-0.377329,0.807607,0.888969,-0.838766,-0.988642,0.652848,-0.160221,-0.354715,0.736103,0.989069,-0.849478,0.868003,0.790028,-0.494123,0.065614,0.380167,-0.748371,0.994990,0.878318,-0.874778,-0.898887,0.657426,-0.324715,-0.056734,0.470105,-0.730029,0.931023,0.917107,-0.897545,0.979761,0.773396,-0.586990,0.240027,0.040895,-0.381449,0.629655,-0.798757,0.983271,0.961816,-0.958123,0.994501,0.799214,-0.654924,0.498059,-0.223974,0.004212,0.203679,-0.493176,0.602096,-0.715686,0.823080,-0.947991,0.942254,-0.949670,0.942895,-0.858176,0.723132,-0.628617,0.535689,-0.456463,0.279456,-0.141849,0.017182,0.088381,-0.209966,0.357431,-0.445446,0.486035,-0.533186,0.561812,-0.608841,0.639024,-0.702899,0.737781,-0.751026,0.730151,-0.729694,0.714618,-0.713244,0.695696,-0.693285,0.676195,-0.672289,0.658891,-0.659105,0.641953,-0.638322,0.612137,-0.604416,0.581802,-0.578201,0.556441,-0.548110,0.527388,-0.525679,0.514265,-0.505170,0.481854,-0.469220,0.446148,-0.438579,0.419749,-0.421977,0.412913,-0.423473,0.420909,-0.421123,0.397807,-0.382090,0.334328,-0.294258,0.241827,-0.208013,0.176060,-0.160404,0.129672,-0.087160,-0.005280,0.073763,-0.114169,0.121585,-0.131961,0.156193,-0.205724,0.229559,-0.222174,0.172032,-0.189702,0.214147,-0.219732,0.157993,-0.115024,0.102175,-0.092013,-0.008637,0.068331,-0.065218,0.071352,-0.138767,0.126804,-0.082796,0.113132,-0.142002,0.084719,-0.064974,0.080874,-0.008484,-0.048555,0.020783,-0.067354,0.076143,-0.022919,0.074068,-0.081637,0.037141,-0.077608,-0.000793,0.021760,-0.018219,0.068086,-0.018372,0.032716,-0.053834,0.007233,-0.057222,-0.042298,-0.002899,-0.023560,-0.005005,0.004517,0.018921,-0.013001,0.060793,0.021454,0.020936,0.034791,0.026581,0.044801,-0.003082,0.059267,0.018830,-0.007508,0.033357,-0.032075,0.051942,-0.039582,-0.037141,0.015473,-0.096438,0.008637,-0.062593,-0.018219,0.089144,-0.063173,0.105777,0.013367,-0.028931,0.074434,-0.153690,0.095309,-0.083956,-0.862937,0.159214,-0.196630,0.143802,-0.065065,-0.013855,0.252356,-0.343850,0.328713,-0.284584,0.163639,-0.094515,0.065675,0.858481,-0.667619,0.496472,-0.389323,0.225653,-0.052278,-0.987604,0.687731,-0.477551,0.284523,-0.087282,-0.844626,0.655504,-0.456860,0.247199,-0.057130,0.823843,0.658525,-0.435894,0.218603,-0.005066,0.919335,0.646195,-0.414622,0.210363,0.035645,0.975855,0.691393,-0.423930,0.206640,0.025269,-0.793660,0.709948,-0.425731,0.324959,0.159825,-0.564925,0.678667,-0.489667,0.275947,0.054445,-0.282386,0.358011,-0.238806
