0.019013,-0.022156,0.002136,-0.031037,0.028901,-0.027375,0.010132,-0.025849,0.006836,-0.022767,-0.005921,-0.029023,0.015473,-0.029267,0.011627,-0.050691,0.061861,-0.068727,0.093447,-0.182927,0.342965,0.016449,-0.018067,0.027039,0.068971,-0.016571,0.076296,-0.059145,0.009125,-0.064546,0.002533,-0.004852,0.052614,0.040101,-0.032838,0.065218,-0.113956,0.060213,-0.001587,-0.056062,0.073793,-0.006745,-0.007782,-0.066347,0.124423,-0.106875,0.095339,-0.137241,0.189061,-0.164860,0.117465,-0.121127,0.183019,-0.115634,0.079775,-0.043519,0.071932,-0.028504,-0.058076,0.143467,-0.150303,0.162266,-0.201452,0.250922,-0.284919,0.323342,-0.274421,0.251105,-0.253150,0.267921,-0.307015,0.300758,-0.257819,0.226568,-0.191350,0.176915,-0.141361,0.117831,-0.108645,0.118045,-0.092349,0.058076,-0.009033,-0.028504,0.073519,-0.104525,0.135868,-0.164036,0.194738,-0.211431,0.234991,-0.247748,0.262763,-0.263190,0.274513,-0.270698,0.273444,-0.265357,0.258674,-0.237158,0.230017,-0.202611,0.177220,-0.139713,0.111941,-0.074160,0.043000,0.003357,-0.044404,0.104098,-0.158817,0.238776,-0.312660,0.385294,-0.438976,0.488171,-0.537428,0.599930,-0.664415,0.754749,-0.824697,0.856040,-0.861228,0.874137,-0.864035,0.822012,-0.724231,0.649583,-0.572311,0.474865,-0.299049,0.106387,0.064790,-0.244360,0.452251,-0.584304,0.713824,-0.856986,0.987787,-0.998438,0.995508,-0.910454,0.761433,-0.613510,0.418132,-0.113162,-0.138736,0.441478,-0.649003,0.829672,0.975549,-0.931389,0.952539,0.889366,-0.700701,0.461926,-0.081545,-0.259131,0.605179,-0.812581,-0.942712,0.883720,-0.933190,-0.812704,0.583053,-0.178685,-0.208135,0.628708,-0.873984,-0.886283,0.883415,0.957940,-0.707446,0.321694,0.176671,-0.642350,0.897728,0.878623,-0.861838,-0.860556,0.532118,0.000671,-0.507734,0.846762,0.846060,-0.839682,-0.801229,0.351144,0.147800,-0.664018,-0.924370,-0.795217,0.884635,-0.504194,0.011505,0.582198,0.876975,-0.819784,-0.818655,0.509931,-0.020966,-0.753010,0.788869,0.954797,0.694353,-0.453686,-0.205022,-0.919915,0.940789,0.793782,-0.564589,0.303719,0.997401,-0.953271,0.755573,-0.557296,0.436901,-0.959253,-0.820211,0.594314,-0.411570,0.276557,0.127414,-0.539503,0.435741,-0.284736,0.186833,0.039949,-0.329201,0.251929,-0.194127,0.123172,0.039796,-0.151371,0.244727,-0.100955,0.050630,0.059419,-0.083376,0.093478,-0.140568,0.000732,-0.001007,-0.086581,0.104586,-0.014832,0.055208,0.052247,-0.019898,0.061128,-0.040071,0.001679,-0.011139,-0.020539,0.007111,-0.044252,-0.035920,-0.016297,-0.026520,-0.042787,-0.015595,-0.028168,-0.016663,-0.052553,0.029053,-0.004791,-0.024354,0.065004,-0.023102,0.070192,0.008515,0.054414,-0.012024,-0.014283,-0.002869,-0.079531,0.020051,-0.032655,0.066805,-0.018616,0.094088,-0.053132,0.008911,-0.039308,-0.053804,0.091219,-0.045778,0.083986,-0.103884,0.057374,-0.100314,0.118838,-0.050813,0.012085,-0.041047,-0.052064,0.130252,-0.087069,0.102084,-0.138065,0.189336,-0.124423,0.143772,-0.185735,0.189031,-0.126682,0.084078,-0.039155,0.060732,0.027833,-0.100772,0.173771,-0.161717,0.162815,-0.191991,0.240088,-0.279121,0.325631,-0.284034,0.272803,-0.287056,0.301521,-0.323037,0.366403,-0.355600,0.322976,-0.274909,0.245795,-0.210271,0.190679,-0.154545,0.131717,-0.111514,0.125430,-0.111148,0.094790,-0.063173,0.035279,-0.008148,-0.010132,0.034486,-0.044648,0.059908,-0.061556,0.065126,-0.059419,0.059755,-0.050172,0.042970,-0.026581,0.015992,0.003571,-0.021729,0.050142,-0.078005,0.119876,-0.159611,0.222387,-0.287910,0.355020,-0.405497,0.451183,-0.488843,0.537794,-0.582931,0.642503,-0.699572,0.770649,-0.811361,0.826864,-0.841635,0.855155,-0.857566,0.813039,-0.713305,0.632828,-0.555037,0.467297,-0.326363,0.160435,-0.008637,-0.162083,0.381907,-0.549696,0.666216,-0.781697,0.914452,-0.972376,0.989893,-0.987421,0.857047,-0.700945,0.550887,-0.317360,0.068880,0.189885,-0.494916,0.691820,-0.849570,-0.979181,0.946557,-0.937371,-0.879722,0.680040,-0.428447,0.100314,0.236304,-0.611557,0.816305,0.981287,-0.906609,0.906761,0.859671,-0.602890,0.238257,0.132572,-0.568770,0.841421,0.927758,-0.874503,0.961206,0.741321,-0.420085,-0.004852,0.529463,-0.832479,-0.922234,0.864646,-0.998713,-0.650560,0.166752,0.338540,-0.772694,-0.927666,0.827535,0.991968,-0.550398,0.022858,0.508649,-0.890037,-0.810537,0.855368,0.664476,-0.139682,-0.342324,0.866080,-0.830587,-0.893241,-0.626023,0.168034,0.333077,0.949395,0.847739,-0.876060,0.523664,-0.126621,-0.588913,0.884879,0.978174,0.614304,-0.377634,-0.050416,0.831716,-0.959344,0.606186,-0.370584,0.153965,0.818014,-0.750629,0.488477,-0.259803,0.075045,0.441814,-0.577163,0.368509,-0.156590,0.048463,0.196355,-0.360971,0.355600,-0.200872,0.129795,-0.928032,0.550429,0.931603,-0.384073,0.095644,-0.039033,-0.044374,0.092959,-0.058656,0.033265,0.092837,-0.097933,0.025635,-0.062380,-0.022095,0.006043,-0.080538,0.066713,0.027741,0.025574,0.040559,0.013001,0.066042,0.018219,0.025696,0.052583,0.034272,0.015778,0.052949,0.029053,0.058595,-0.014069,0.081118,0.008789,0.003601,0.065767,-0.032044,0.007385,-0.064272,0.012513,-0.073549,0.003662,0.007202,-0.017823,0.071962,0.001465,0.040742,-0.061067,0.047853,-0.100375,0.052369,0.022553,0.026002,0.056428,-0.093234,0.025910,-0.069673,0.114230,-0.075289,0.102450,-0.146305,0.056947,0.005127,0.033845,0.047517,-0.100650,0.103884,-0.074556,0.129764,-0.201848,0.165470,-0.163639,0.182683,-0.221502,0.180577,-0.096713,0.045686,-0.047761,0.012574,0.063539,-0.110537,0.168217,-0.166539,0.157444,-0.186559,0.235998,-0.286933,0.348001,-0.323586,0.311226,-0.320473,0.337106,-0.339791,0.359659,-0.378885,0.386149,-0.359292,0.318337,-0.279518,0.247717,-0.217687,0.195195,-0.167363,0.151066,-0.132511,0.127139,-0.129733,0.137027,-0.127841,0.126102,-0.115787,0.116214,-0.111545,0.117374,-0.121341,0.129581,-0.134586,0.152836,-0.167698,0.196599,-0.235205,0.277229,-0.317055,0.361642,-0.402659,0.438701,-0.471051,0.512495,-0.556410,0.600967,-0.645097,0.705218,-0.742328,0.771199,-0.774067,0.785390,-0.801870,0.819906,-0.828909,0.795400,-0.713153,0.632157,-0.551497,0.459301,-0.319344,0.173283,-0.043244,-0.093844,0.272376,-0.480664,0.620774,-0.736225,0.859488,-0.930810,0.947808,-0.966455,0.965082,-0.818533,0.662920,-0.485242,0.234320,-0.015686,-0.216039,0.523420,-0.724689,0.900352,0.991236,-0.971552,0.960565,0.890953,-0.671312,0.398264,-0.083315,-0.209844,0.598465,-0.831716,-0.976190,0.941430,-0.915489,-0.905479,0.635941,-0.253302,-0.071657,0.491406,-0.810628,-0.946069,0.903740,-0.912376,-0.811239,0.486676,-0.076387,-0.355417,0.803975,0.939843,-0.917595,0.927208,0.765797,-0.305519,-0.144687,0.674120,-0.994013,-0.897575,0.898735,0.744892,-0.177281,-0.320931,0.766346,0.916130,-0.814443,-0.922020,0.334847,0.133640,-0.640916,-0.928887,-0.829397,0.855612,-0.298744,-0.106906,0.652879,-0.804647,-0.817281,-0.655961,0.184270,0.177769,-0.927666,0.911339,-0.856223,0.442943,-0.082918,-0.362924,-0.996851,-0.854392,0.490369,-0.192479,-0.103762,0.980585,-0.717547,0.403697,-0.162113,-0.080477,0.723743,-0.566817,0.350717,-0.144810,-0.085482,0.293434,-0.359567,0.227575,-0.094149,-0.083285,0.129703,-0.210088,0.134220,-0.073671,0.001617,0.104983,-0.140812,0.111361,-0.013794,-0.027131,0.079592,-0.049379,0.054994,-0.032716,-0.018891,0.049196,-0.071657,-0.006653,-0.024964,-0.039613,-0.015320,-0.052644,0.002930,-0.003876,-0.010590,0.024109,-0.011292,-0.006836,0.004913,-0.010346,0.020081,-0.057466,0.014862,-0.049318,-0.058931,-0.012329,-0.036042,-0.003265,-0.023499,0.053529,-0.017487,0.072908,0.020173,0.007843,0.002228,-0.049379,-0.004974,-0.073763,0.081148,-0.057252,0.088473,-0.016175,-0.031373,-0.024628,-0.033692,0.085940,-0.025147,0.097079,-0.141758,0.096835,-0.096102,0.143711,-0.045503,-0.005249,-0.035401,-0.005737,0.064760,-0.115420,0.072390,-0.128513,0.209173,-0.212835,0.185002,-0.185002,0.192937,-0.212774,0.127170,-0.070803,0.036622,-0.065340,0.029816,0.035920,-0.087588,0.151066,-0.159611,0.159733,-0.203008,0.266273,-0.321663,0.390757,-0.386759,0.372965,-0.365427,0.368692,-0.372293,0.380014,-0.374124,0.384745,-0.399516,0.410380,-0.387705,0.359140,-0.332467,0.305702,-0.282234,0.272254,-0.260108,0.252417,-0.249579,0.248206,-0.249274,0.258063,-0.263343,0.274543,-0.286537,0.300758,-0.321175,0.343606,-0.361185,0.384745,-0.407603,0.436840,-0.465466,0.500959,-0.536055,0.580856,-0.618027,0.675005,-0.709674,0.736072,-0.740009,0.741291,-0.750141,0.761005,-0.774464,0.786580,-0.795308,0.757557,-0.683245,0.618149,-0.545546,0.447338,-0.297645,0.150486,-0.037812,-0.078432,0.215612,-0.394968,0.554793,-0.678423,0.802816,-0.912193,0.931054,-0.935021,0.945123,-0.911064,0.773640,-0.624802,0.414897,-0.151707,-0.045778,0.270667,-0.546797,0.747852,-0.930657,-0.987665,0.986109,-0.983393,-0.880546,0.686815,-0.392985,0.078005,0.200994,-0.550337,0.813772,0.964654,-0.943993,0.948907,0.936272,-0.686663,0.303535,0.051637,-0.416545,0.760639,0.968683,-0.907921,0.911217,0.882896,-0.569259,0.111361,0.251135,-0.702166,-0.957238,0.894645,-0.925591,-0.847708,0.452160,0.044984,-0.529829,0.919853,0.880180,-0.886344,-0.896446,0.421123,0.146091,-0.652971,0.997919,0.882041,-0.907951,-0.647874,-0.018250,0.509107,-0.874869,-0.821920,0.843375,0.601883,0.012696,-0.458111,0.916893,-0.894615,-0.997980,-0.364206,-0.058839,0.500013,0.819540,0.873801,-0.638780,0.118533,0.150181,-0.695605,-0.937432,-0.702044,0.217046,0.059938,-0.346444,-0.927361,-0.546919,0.181004,0.034608,-0.260383,0.811239,-0.424144,0.210699,0.022553,-0.122470,0.351022,-0.360879,0.116641,0.012116,-0.070650,0.195623,-0.211706,0.168736,0.037721,-0.084200,0.140445,-0.884727,0.050996,-0.039125,-0.093966,0.062288,-0.092440,0.060609,0.036286,-0.005219,0.085451,-0.019166,0.024476,0.008270,-0.025696,0.025239,-0.030671,0.009461,-0.015412,-0.061647,-0.000458,-0.030885,-0.031129,-0.026795,-0.025330,0.003540,-0.065798,0.038209,0.007508,-0.011566,0.044618,0.026002,0.032807,0.009949,0.059724,-0.039460,0.006348,-0.053407,-0.012696,-0.031525,0.010346,0.068392,-0.032380,0.108767,-0.093050,0.044740,-0.075747,0.005554,0.023896,0.051271,0.015351,-0.086733,0.043916,-0.109317,0.180333,-0.105624,0.088442,-0.121310,0.053041,-0.014374,0.033723,-0.035127,-0.038453,0.108676,-0.086825,0.138736,-0.197332,0.265113,-0.214941,0.180943,-0.176182,0.206090,-0.167332,0.104861,-0.073336,0.049836,-0.077730,0.043733,0.025788,-0.087649,0.155674,-0.176732,0.177373,-0.219488,0.279975,-0.324105,0.368448,-0.419200,0.430461,-0.415690,0.400431,-0.389689,0.385508,-0.387980,0.394205,-0.393351,0.401438,-0.413737,0.441234,-0.444988,0.437358,-0.421458,0.415019,-0.407847,0.406260,-0.404887,0.405833,-0.410868,0.417918,-0.428966,0.438518,-0.456127,0.475232,-0.494000,0.519788,-0.542555,0.571609,-0.605911,0.652879,-0.684008,0.707110,-0.720843,0.725635,-0.730457,0.737842,-0.742908,0.753803,-0.753742,0.762318,-0.727344,0.681231,-0.628861,0.582076,-0.525190,0.446819,-0.307472,0.159214,-0.042176,-0.077639,0.206396,-0.363992,0.510023,-0.617264,0.740833,-0.878928,0.941125,-0.935082,0.932793,-0.914421,0.819204,-0.702105,0.571273,-0.340341,0.091463,0.123447,-0.364725,0.591079,-0.764576,0.963098,0.975580,-0.979700,-0.985498,0.834127,-0.666826,0.396616,-0.061891,-0.224401,0.550063,-0.785207,-0.964502,0.918053,-0.946557,-0.912407,0.712207,-0.372507,-0.022370,0.387858,-0.694994,0.975611,0.890708,-0.908073,-0.921501,0.665483,-0.210973,-0.177159,0.603043,-0.932549,-0.841177,0.900657,0.878226,-0.609482,0.091555,0.392985,-0.784322,-0.891593,0.887931,0.952722,-0.643205,0.046357,0.517164,-0.878837,-0.891227,0.894157,0.851767,-0.246558,-0.380594,0.751240,0.928887,-0.833120,-0.896202,0.171513,0.373636,-0.700976,-0.900078,-0.825308,0.690874,0.002106,-0.423320,0.775135,-0.895103,-0.925225,-0.292183,-0.115726,0.464001,-0.965570,-0.959222,-0.443920,0.037293,0.253394,-0.567855,-0.834890,-0.415935,0.094241,0.123874,-0.310311,0.585128,0.399760,0.837240,-0.069094,-0.098910,0.309822,-0.227514,0.086794,0.117313,-0.204198,0.223791,-0.186559,0.042817,0.025971,-0.153904,0.103854,-0.098788,0.074526,0.024537,-0.042939,0.128086,-0.067232,-0.030244,-0.013611,-0.085482,0.035371,-0.065828,0.012726,0.065798,-0.004028,0.054475,0.005707,0.042604,0.059846,-0.008393,0.069612,0.030396,0.039002,0.030061,0.034913,0.071230,-0.007843,0.052156,0.019837,0.004120,0.028535,-0.005829,-0.023499,-0.062196,0.011933,-0.069216,0.018525,-0.018982,0.044557,-0.003449,0.043153,0.022492,-0.073549,0.059694,-0.101565,0.085238,-0.028046,0.084322,-0.029267,0.006653,-0.050996,-0.025452,0.108889,-0.062013,0.108249,-0.158451,0.104098,-0.080141,0.125217,-0.093234,0.047426,-0.022034,0.063997,0.014038,-0.100527,0.121707,-0.122348,0.172062,-0.217474,0.246314,-0.183537,0.171330,-0.182164,0.229254,-0.175572,0.131473,-0.101931,0.071962,-0.086062,0.053956,0.025727,-0.097079,0.170689,-0.201726,0.200017,-0.227697,0.265540,-0.306831,0.344155,-0.379129,0.413493,-0.453258,0.450725,-0.432720,0.421062,-0.410319,0.411876,-0.419200,0.431377,-0.438091,0.444439,-0.455730,0.468884,-0.480420,0.496137,-0.501477,0.516218,-0.531843,0.548750,-0.560958,0.581039,-0.594497,0.615250,-0.627762,0.645219,-0.658494,0.671312,-0.676775,0.686236,-0.694689,0.704058,-0.713610,0.725818,-0.728717,0.739460,-0.716357,0.682177,-0.636643,0.595901,-0.560653,0.520948,-0.472729,0.407176,-0.287666,0.149052,-0.034181,-0.081057,0.211584,-0.366342,0.488843,-0.579513,0.674120,-0.785390,0.910881,-0.937615,0.947045,-0.938622,0.865226,-0.738819,0.635331,-0.501020,0.271766,-0.034394,-0.186345,0.444866,-0.621659,0.778828,-0.963952,-0.962671,0.963830,0.971887,-0.794606,0.627091,-0.373514,0.049043,0.264228,-0.581100,0.775654,0.998499,-0.907066,0.926293,0.902733,-0.697497,0.419047,-0.018311,-0.373209,0.682238,-0.921715,-0.899772,0.892997,0.949426,-0.701739,0.321328,0.108920,-0.550429,0.821066,0.885185,-0.845633,-0.945916,0.673998,-0.248633,-0.251013,0.713214,0.975824,-0.856467,0.952417,0.738086,-0.287880,-0.307564,0.786763,0.913933,-0.881400,-0.932305,0.577834,0.111239,-0.696886,0.979395,0.899040,-0.938256,-0.618515,-0.139713,0.661790,-0.926110,-0.830465,0.903221,0.346200,0.313118,-0.643266,0.965082,-0.914604,0.744220,0.048738,-0.473095,0.676836,0.807149,0.788655,-0.157200,-0.242377,0.452434,-0.680407,-0.950433,-0.089083,-0.285133,0.558608,-0.795827,0.039460,0.102969,-0.337136,0.526716,0.848868,-0.299080,0.046540,-0.125217,0.206029,-0.261664,0.226782,-0.155888,0.004181,0.075075,-0.098605,0.141636,-0.104708,0.026978,0.077211,-0.096285,0.080813,-0.007813,0.006012,0.027650,-0.051454,0.066866,-0.030732,-0.062685,0.006378,-0.065798,-0.004120,-0.063875,-0.024659,0.013581,-0.032655,0.016053,-0.018799,-0.001099,-0.015107,-0.020997,0.018708,-0.073732,-0.002228,-0.036225,-0.034272,-0.054384,0.007599,-0.014954,-0.014130,0.068392,-0.013581,0.064882,-0.006561,0.047548,-0.062410,0.006684,-0.029664,-0.056489,0.081209,-0.041871,0.078951,-0.055543,0.036683,-0.111789,0.060457,-0.010132,0.041261,0.045350,-0.120853,0.064790,-0.089297,0.136020,-0.100680,0.092135,-0.138523,0.142093,-0.076479,0.033784,-0.048127,-0.019013,0.103579,-0.154057,0.119937,-0.145206,0.185338,-0.232977,0.208715,-0.179417,0.200963,-0.237280,0.260932,-0.213659,0.156193,-0.116397,0.076021,-0.082003,0.049501,0.024781,-0.096530,0.157322,-0.207342,0.217993,-0.216009,0.238165,-0.266395,0.301186,-0.334786,0.364420,-0.393626,0.434856,-0.475171,0.477215,-0.473401,0.471295,-0.471081,0.473309,-0.479199,0.488934,-0.499311,0.510175,-0.525617,0.541212,-0.549452,0.564650,-0.574233,0.588882,-0.605972,0.614609,-0.626511,0.640214,-0.655473,0.667192,-0.679491,0.688799,-0.698595,0.710925,-0.696093,0.671617,-0.628403,0.591476,-0.556349,0.523207,-0.488629,0.447826,-0.397471,0.319893,-0.224859,0.121921,-0.027100,-0.081576,0.209142,-0.370004,0.498243,-0.577041,0.666063,-0.753986,0.863181,-0.909538,0.931481,-0.939111,0.913109,-0.781941,0.667070,-0.548689,0.403666,-0.182347,-0.017853,0.246436,-0.516676,0.670152,-0.817739,0.971643,0.982660,-0.966424,-0.962427,0.772999,-0.597397,0.351297,-0.054506,-0.253302,0.590896,-0.786824,0.986109,0.922631,-0.907677,-0.924889,0.692248,-0.422893,0.067446,0.317818,-0.681475,0.901909,0.927941,-0.887565,0.997004,0.727618,-0.389384,-0.020814,0.485669,-0.787221,-0.949395,0.854056,-0.929680,-0.717730,0.342263,0.071169,-0.604538,0.926659,0.874686,-0.867301,-0.816244,0.445995,0.053956,-0.655412,-0.993128,0.891441,-0.956292,-0.718707,0.225927,0.472943,-0.912651,-0.928124,0.907494,0.824972,-0.275367,-0.486249,0.851645,0.985987,-0.880180,-0.863761,0.081515,0.588516,-0.813375,-0.985895,0.805837,0.648545,0.234991,-0.629960,0.800588,0.939874,-0.828207,-0.036256,-0.464276,0.657243,-0.860984,0.938287,-0.229498,-0.349282,0.440410,-0.543013,0.592361,-0.674547,0.856833,-0.117251,-0.268256,0.454662,-0.633103,0.886802,0.035310,-0.327828,0.500074,-0.663744,0.890220,0.030061,-0.332925,0.516187,-0.670458,0.923180,-0.147190,-0.354104,0.503125,-0.626725,0.885063,-0.274696,-0.323189,0.478741,-0.578170,0.846915,-0.500959,-0.118320,0.362833,-0.515028,0.711200,-0.477368,-0.016724,0.285072,-0.515546,0.512220,-0.352090,0.113101,0.087710,-0.217962,0.214452,-0.105227,-0.018799,0.090639,-0.171147,0.142368,-0.101535,0.041627,-0.016663,-0.016877,-0.003845,-0.000610,-0.035676,0.023865,-0.029298,0.030671,-0.034852,0.009552,-0.008148,0.028474,-0.041810,0.003113,-0.034028,0.018738,-0.018982,0.013489,-0.042512,0.012421,-0.018006,0.023011,-0.063783,0.038239,-0.015442,0.006897,-0.053926,0.019440,-0.019776,0.028321,-0.042024,0.027985,-0.029969,0.021912,-0.032288,0.002228,-0.036378,0.016632,-0.027131,0.026063,-0.032197,0.030061,-0.031709,0.018311,-0.032014,0.021058,-0.031586,0.006653,-0.035523,0.012238,-0.039521,0.013611,-0.030640,0.005615,-0.024079,0.011292,-0.041444,0.011841,-0.031525,-0.000153,-0.036500,0.019013,-0.046937,0.024079,-0.031190,0.020966,-0.049104,0.008850,-0.038697,0.026490,-0.032563,0.021851,-0.029755,0.002045,-0.037751,0.014222,-0.013245,0.024079,-0.022309,0.017640,-0.022278,0.019745,-0.022339,0.007446,-0.020447,0.015809,-0.022919,0.015290,-0.037110,0.010773,-0.037721,0.012421,-0.043000,0.015442,-0.051820,0.014618,-0.038545,0.011261,-0.029694,0.026368,-0.024598,0.010193,-0.039430,0.019837,-0.027344,0.012085,-0.032929,0.024171,-0.040437,0.013794,-0.046510,0.023102,-0.034669,0.014618,-0.042634,0.016968,-0.033051,0.023102,-0.035890,0.016724,-0.044648,0.027070,-0.022339,0.013459,-0.026520,0.027009,-0.038758,0.013672,-0.032533,0.022004,-0.032838,0.017060,-0.033601,0.026917,-0.041230,0.020539,-0.027741,0.026185,-0.035920,0.025452,-0.036714,0.024384,-0.044618,0.018403,-0.034425,0.017609,-0.027253,0.016449,-0.031159,-0.006348,-0.032044,0.021821,-0.037080,0.024628,-0.034486,0.015961,-0.037812,0.024048,-0.018097,0.008850,-0.016785,0.024445,-0.042146,0.014679,-0.029633,0.020478,-0.038484,0.002380,-0.027558,0.016327,-0.034547,0.027985,-0.036164,0.008759,-0.031831,0.017243,-0.030335,0.019776,-0.023194,0.024415,-0.026673,0.024689,-0.032349,0.032777,-0.034608,0.006226,-0.032441,0.026093,-0.016907,0.024964,-0.031159,0.022797,-0.044160,0.026124,-0.052888,0.021210,-0.036012,0.012848,-0.029450,0.005921,-0.036561,0.022736,-0.041139,0.035645,-0.033296,0.026978,-0.036836,0.011017,-0.036836,0.018219,-0.033601,0.006439,-0.033357,0.023743,-0.041932,0.039094,-0.043336,0.030183,-0.043611,0.010498,-0.038178,0.007569,-0.040315,0.032655,-0.040376,0.011658,-0.043611,0.016175,-0.024506,0.019867,-0.032197,0.008515,-0.040742,0.022736,-0.045747,0.026337,-0.027802,0.018860,-0.035279,0.018616,-0.042573,0.016266,-0.030457,0.010407,-0.037965,0.013123,-0.039338,0.023102,-0.028535,0.013977,-0.031464,0.011414,-0.045716,0.029664,-0.045503,0.008393,-0.044374,0.013031,-0.031800,0.023163,-0.030152,0.025727,-0.032929,0.038270,-0.032441,0.022065,-0.035493,0.018433,-0.032319,0.023835,-0.038239,0.003937,-0.022492,0.007691,-0.015717,0.011505,-0.038484,0.029572,-0.036744,0.021119,-0.022584,0.019074,-0.042207,0.027131,-0.048585,0.007202,-0.036500,0.017243,-0.030701,-0.000458,-0.020020,0.031709,-0.043519,0.017487,-0.025178,0.018342,-0.041383,0.012665,-0.041047,0.023682,-0.030976,0.012268,-0.038239,0.016663,-0.027680,0.012543,-0.028077,0.006104,-0.033418,0.017243,-0.042604,0.021821,-0.027131,0.033997,-0.034028,0.021576,-0.033265,0.019684,-0.027253,0.022126,-0.029542,0.013764,-0.028901,0.001434,-0.053590,0.030946,-0.043153,0.030396,-0.027467,0.019562,-0.041047,0.012207,-0.026459,0.023133,-0.054719,0.022950,-0.040498,0.020234,-0.051149,0.007904,-0.045350,0.020173,-0.034638,0.000824,-0.017884,0.015412,-0.027528,0.019715,-0.040925,0.007721,-0.030152,0.008850,-0.028657,0.022889,-0.034486,0.023347,-0.033143,0.033814,-0.045625,0.024384,-0.044313,0.001526,-0.047944,0.025757,-0.033753,0.020203,-0.030671,0.022156,-0.024140,0.006653,-0.036286,0.015778,-0.034058,0.028748,-0.043336,0.022736,-0.027161,0.017334,-0.033357,0.037812,-0.031678,0.026215,-0.051820,0.008942,-0.020783,0.032685,-0.023896,0.021027,-0.043306,0.006989,-0.045686,0.023408,-0.043702,0.016022,-0.028596,0.012635,-0.044465,0.022004,-0.030732,0.019715,-0.024171,0.027558,-0.025757,0.020630,-0.050233,0.026002,-0.034333,0.012390,-0.027558,0.008454,-0.019654,0.020997,-0.021363,0.016327,-0.024750,0.024933,-0.036317,0.031373,-0.032044,0.016694,-0.023316,0.025880,-0.037751,0.007019,-0.038301,0.031525,-0.036653,0.019379,-0.025147,0.014130,-0.031190,0.011048,-0.042909,0.021760,-0.041383,0.021027,-0.036256,0.025696,-0.032777,0.019196,-0.032044,0.026368,-0.045137,0.019410,-0.035188,0.030549,-0.033418,0.028077,-0.029603,0.022584,-0.039552,0.013886,-0.047059,0.012604,-0.037049,0.019104,-0.032716,0.020234,-0.032655,0.002716,-0.024415,0.015961,-0.045961,0.032990,-0.039186,0.005066,-0.031556,0.002441,-0.020081,0.019318,-0.045106,0.006500,-0.024262,0.008179,-0.028779,0.018311,-0.025788,0.018189,-0.027833,0.025757,-0.028657,0.013031,-0.046663,0.025910,-0.026581,0.003113,-0.032594,0.016480,-0.026459,0.029389,-0.034638,0.007019,-0.036622,0.031648,-0.040376,0.034364,-0.036927,0.021851,-0.050172,0.013153,-0.039308,0.023163,-0.044679,0.005951,-0.032166,0.006043,-0.024628,0.002380,-0.028046,0.021607,-0.040681,0.019715,-0.031892,0.025635,-0.024323,0.014985,-0.044496,0.020966,-0.036042,0.028809,-0.031831,0.032288,-0.038423,0.012940,-0.019532,0.013855,-0.024781,0.013916,-0.030701,0.009888,-0.033265,0.024872,-0.047181,0.006287,-0.025544,0.014832,-0.021882,0.013825,-0.049287,0.039796,-0.039796,0.011811,-0.029267,0.019135,-0.043061,0.007813,-0.045198,0.017548,-0.034577,0.010071,-0.037385,0.012940,-0.048646,0.015870,-0.043183,0.021454,-0.027650,0.016419,-0.034547,0.020234,-0.027436,0.001892,-0.033509,0.031495,-0.043580,0.016663,-0.032044,0.009705,-0.027314,0.020936,-0.022217,0.011017,-0.032136,0.019898,-0.031159,0.028596,-0.023743,0.020691,-0.031861,0.018219,-0.029389,0.025330,-0.029481,0.033906,-0.023469,0.001465,-0.037568,0.020081,-0.034821,0.009796,-0.032685,0.010407,-0.029389,0.010468,-0.029481,0.022370,-0.021821,0.020783,-0.041535,0.040589,-0.038209,0.014405,-0.014222,0.008087,-0.023499,0.022126,-0.029633,0.015809,-0.032746,0.015107,-0.036500,0.009705,-0.038148,0.009094,-0.024140,0.021302,-0.041474,0.006592,-0.039155,0.032136,-0.026581,0.010346,-0.032655,0.010376,-0.037293,0.003082,-0.038301,0.030244,-0.034150,0.012055,-0.027985,0.033601,-0.031648,0.014130,-0.031220,0.008301,-0.025819,0.014283,-0.028168,0.014985,-0.041902,-0.003876,-0.030976,0.012696,-0.032990,0.023347,-0.036225,0.023316,-0.027283,0.024628,-0.026459,0.007294,-0.031525,0.018158,-0.026490,0.016846,-0.038606,0.018616,-0.039521,0.015809,-0.040589,0.019867,-0.040254,0.012940,-0.023926,0.015534,-0.031556,0.006531,-0.034730,0.004883,-0.039125,0.004120,-0.014588,0.018738,-0.037080,0.019043,-0.032227,0.014344,-0.041078,0.011414,-0.041139,0.004913,-0.032838,0.016907,-0.028138,0.019135,-0.024750,0.006439,-0.016114,0.020478,-0.018006,0.023316,-0.033265,0.011048,-0.020081,0.019288,-0.048219,0.017548,-0.027131,0.011383,-0.034089,0.005005,-0.026856,0.018982,-0.038453,0.031709,-0.030824,0.022797,-0.028840,0.026368,-0.047090,0.017426,-0.020569,0.001892,-0.029877,0.017914,-0.029969,0.008118,-0.030427,0.014801,-0.033967,0.009400,-0.032166,0.016632,-0.034364,0.023621,-0.041932,0.013031
0.034150,-0.005097,0.035706,-0.022126,0.030701,-0.009033,0.016266,-0.023774,0.025239,-0.016114,0.035920,-0.028352,0.036897,-0.024567,0.041413,-0.040254,0.070436,-0.070040,0.063356,-0.099124,0.372751,-0.290229,0.195439,-0.098910,0.112643,-0.034333,0.041780,-0.053834,-0.044557,0.020203,-0.106082,0.101565,-0.043122,0.060243,-0.054841,0.010315,-0.067751,0.046144,0.010468,-0.032685,0.187352,-0.201177,0.145756,-0.169224,0.204473,-0.194219,0.108523,-0.084444,0.082125,-0.063783,-0.045076,0.075075,-0.094363,0.145695,-0.224920,0.228918,-0.211187,0.174565,-0.205633,0.224646,-0.214849,0.156040,-0.131595,0.118930,-0.124667,0.092501,-0.039002,-0.050050,0.110385,-0.150303,0.161015,-0.195073,0.232916,-0.292305,0.335366,-0.384470,0.391459,-0.418590,0.415874,-0.415080,0.404826,-0.408549,0.411845,-0.429576,0.440502,-0.464672,0.475964,-0.501447,0.496717,-0.522138,0.521253,-0.536451,0.530378,-0.550002,0.545210,-0.570785,0.571395,-0.595566,0.608444,-0.636369,0.646653,-0.672014,0.675920,-0.687029,0.685381,-0.706195,0.705004,-0.722491,0.723987,-0.741657,0.742206,-0.763722,0.739124,-0.696734,0.632706,-0.602310,0.553450,-0.522505,0.473462,-0.427562,0.294502,-0.155644,0.033021,0.075472,-0.205602,0.377054,-0.508344,0.586959,-0.686205,0.790547,-0.953668,0.952722,-0.959009,0.945886,-0.879874,0.741291,-0.640397,0.512403,-0.277809,0.028626,0.175236,-0.469372,0.632065,-0.791707,0.979120,0.945214,-0.962060,0.997492,0.797200,-0.636948,0.387308,-0.051118,-0.258521,0.589584,-0.792531,-0.977228,0.885917,-0.916313,-0.913597,0.694659,-0.429088,0.009705,0.381083,-0.711871,0.937981,0.868979,-0.880882,-0.951257,0.687304,-0.297706,-0.139408,0.589675,-0.848257,-0.851675,0.824362,0.941796,-0.674089,0.221594,0.261908,-0.738147,-0.952539,0.836691,-0.941186,-0.748890,0.267768,0.319283,-0.815206,-0.888633,0.866507,0.922020,-0.589370,-0.122348,0.709796,-0.996790,-0.895225,0.921654,0.620041,0.151829,-0.690417,0.939935,0.803731,-0.903038,-0.339578,-0.337258,0.663591,0.995478,0.941155,-0.783223,-0.026429,0.416636,-0.589309,-0.934655,-0.991999,-0.581252,-0.532454,-0.228216,0.571639,-0.969354,0.004181,0.349313,-0.625290,0.870170,-0.054597,-0.099856,0.348977,-0.561995,-0.844748,0.267860,-0.042024,0.095583,-0.211980,0.288307,-0.234961,0.149143,0.010926,-0.063966,0.126071,-0.115329,0.088473,-0.047517,-0.098452,0.069460,-0.113681,0.015198,0.021302,-0.010956,0.077272,-0.041352,0.048463,0.037263,-0.041291,0.030640,-0.032990,0.023987,-0.012390,-0.046113,0.007416,-0.047456,-0.010803,-0.030762,-0.014191,-0.010224,-0.055543,0.036958,-0.016236,0.010773,0.011902,0.030091,0.002411,0.040925,0.030244,-0.035645,0.028657,-0.064577,-0.000519,-0.077059,0.035951,-0.021729,0.021363,0.073275,-0.055879,0.050660,-0.101321,0.035127,-0.074678,0.085116,-0.040986,0.037538,-0.032594,-0.078524,0.077578,-0.073000,0.119540,-0.143680,0.085665,-0.120883,0.156284,-0.125766,0.066744,-0.078981,0.053010,0.033753,-0.110415,0.111514,-0.120334,0.159336,-0.220678,0.216467,-0.190160,0.190099,-0.246039,0.253638,-0.242957,0.187383,-0.148594,0.122897,-0.123874,0.089480,-0.029481,-0.058534,0.115542,-0.155033,0.171269,-0.195348,0.204626,-0.241156,0.274268,-0.323647,0.359689,-0.405131,0.413951,-0.442272,0.437908,-0.450634,0.441906,-0.451610,0.451702,-0.469250,0.473553,-0.498731,0.509839,-0.530195,0.537550,-0.558425,0.564376,-0.584030,0.588363,-0.605759,0.606613,-0.623459,0.625107,-0.646012,0.650804,-0.668016,0.675981,-0.694994,0.706805,-0.730884,0.722613,-0.700488,0.639146,-0.606552,0.564437,-0.533888,0.494275,-0.461712,0.410258,-0.342843,0.203740,-0.110995,0.005432,0.090670,-0.215032,0.395609,-0.513135,0.584945,-0.669450,0.752247,-0.891014,0.925103,-0.945550,0.947747,-0.956079,0.784322,-0.673906,0.549086,-0.405101,0.150791,0.039399,-0.272987,0.550368,-0.698504,0.832235,0.977899,-0.972711,0.953942,0.960473,-0.769245,0.585494,-0.336892,0.032105,0.263617,-0.622757,0.801686,0.983454,-0.911736,0.894676,0.926079,-0.696337,0.428844,-0.070345,-0.315377,0.691790,-0.916374,-0.902122,0.869956,-0.989954,-0.725543,0.380198,0.026917,-0.504407,0.794240,0.928490,-0.850363,0.902580,0.727771,-0.363107,-0.073732,0.624131,-0.940636,-0.859580,0.850089,0.808278,-0.453899,-0.070009,0.680803,0.961694,-0.886985,0.932030,0.720172,-0.196660,-0.534224,0.931511,0.909203,-0.885002,-0.848685,0.209478,0.553786,-0.870414,-0.970361,0.845846,0.808492,0.048616,-0.654161,0.842154,0.928643,-0.826528,-0.362619,-0.422099,0.656419,-0.899864,0.878349,-0.813131,-0.221044,0.479748,-0.614975,0.813955,-0.937096,-0.127139,0.323403,-0.463970,0.527937,-0.816366,-0.023560,0.209600,-0.305672,0.330117,-0.402476,0.860953,0.146000,-0.210912,0.182774,-0.193822,0.074709,0.013489,-0.167088,0.115878,-0.136356,0.043244,0.043122,-0.067690,0.140629,-0.048433,0.007141,-0.005066,-0.093386,0.032258,-0.090487,-0.015564,0.040956,-0.027589,0.055971,-0.019990,0.038636,0.023347,-0.002503,0.068727,0.009888,0.035035,0.016297,0.046113,0.029877,0.002533,0.060457,0.001953,-0.001892,0.002441,0.032319,-0.060609,-0.009400,-0.026398,-0.067232,0.010773,-0.039765,0.043733,-0.034974,0.091769,-0.043031,0.007233,0.000092,-0.082155,0.039308,-0.029847,0.086397,-0.048921,0.092745,-0.126132,0.045869,-0.030915,0.014557,0.067476,-0.080752,0.044831,-0.095400,0.139255,-0.111209,0.123264,-0.178654,0.157841,-0.092043,0.050996,-0.057313,-0.015534,0.087313,-0.111636,0.094973,-0.113498,0.167546,-0.225042,0.213354,-0.211370,0.237982,-0.284431,0.284095,-0.272468,0.207281,-0.161900,0.122623,-0.120639,0.086520,-0.042115,-0.032716,0.088747,-0.138828,0.150639,-0.180058,0.191381,-0.209325,0.225836,-0.266822,0.297493,-0.349466,0.386606,-0.428874,0.440532,-0.472393,0.480176,-0.503797,0.509656,-0.525404,0.523023,-0.542250,0.545912,-0.563430,0.571548,-0.588729,0.595749,-0.610184,0.614273,-0.633897,0.642228,-0.666490,0.670030,-0.681047,0.661485,-0.637345,0.599563,-0.580001,0.547072,-0.524580,0.490033,-0.463665,0.423717,-0.383127,0.289833,-0.193120,0.112399,-0.048433,-0.031068,0.112369,-0.226812,0.391489,-0.509809,0.591262,-0.674700,0.756306,-0.873313,0.890769,-0.903862,0.916832,-0.940514,0.861869,-0.727344,0.604141,-0.485455,0.251380,-0.072573,-0.111697,0.339425,-0.604019,0.744434,-0.897972,0.994562,0.989924,-0.980066,-0.955346,0.749286,-0.571609,0.260688,-0.015625,-0.264533,0.623764,-0.831594,-0.967767,0.931298,-0.922051,-0.968164,0.706591,-0.422313,0.072145,0.240332,-0.671495,0.905327,0.907768,-0.910179,0.923302,0.777211,-0.459179,0.038728,0.372232,-0.774556,-0.983515,0.889244,-0.859854,-0.847128,0.451275,-0.026459,-0.438854,0.860556,0.858206,-0.853476,-0.975244,0.597275,-0.086642,-0.445415,0.930443,0.832724,-0.872886,-0.812948,0.395335,0.134708,-0.823446,-0.883933,0.919762,0.922387,-0.565993,-0.147556,0.832113,0.927361,-0.959771,0.987421,0.473492,0.419932,-0.860587,0.987970,0.933343,0.983850,0.040132,-0.692217,0.858481,-0.976892,-0.801717,-0.272926,-0.547469,0.655900,-0.775105,0.926781,-0.788289,-0.395518,0.499646,-0.583358,0.606094,-0.690783,-0.978815,0.347024,-0.418742,0.317971,-0.309120,-0.016602,0.147343,-0.269630,0.206518,-0.163365,0.024415,0.088717,-0.155186,0.174229,-0.071382,-0.010285,0.053041,-0.101260,0.085329,-0.068086,0.002838,0.069368,-0.063234,0.067751,-0.023957,-0.016938,0.019196,-0.086336,0.001556,-0.059908,-0.025544,-0.020447,-0.043946,0.016419,-0.028992,-0.014008,-0.030183,-0.006958,-0.020417,-0.040437,-0.009857,-0.035768,-0.041230,-0.047914,0.009705,-0.064974,0.031586,0.002258,0.004273,0.048829,-0.001831,0.052492,-0.074800,0.040437,-0.087740,-0.000824,-0.001221,-0.005585,0.053468,-0.029481,0.033662,-0.108767,0.068514,-0.099368,0.111606,-0.027344,0.011872,-0.023682,-0.049196,0.067323,-0.043367,0.088137,-0.165409,0.141544,-0.141605,0.174260,-0.176213,0.090304,-0.045900,0.048799,-0.034486,-0.037385,0.084749,-0.102053,0.091250,-0.149326,0.224585,-0.263282,0.247809,-0.246558,0.253241,-0.289405,0.280342,-0.261115,0.189397,-0.144779,0.122531,-0.124271,0.101107,-0.079928,0.029206,0.015442,-0.073000,0.110385,-0.148044,0.158421,-0.187566,0.199895,-0.216924,0.234564,-0.271003,0.297615,-0.340981,0.371744,-0.411937,0.441143,-0.473980,0.488049,-0.515150,0.518629,-0.538191,0.539259,-0.555312,0.550063,-0.554976,0.548689,-0.549880,0.540999,-0.538099,0.521314,-0.517744,0.496198,-0.487042,0.464367,-0.446056,0.413798,-0.389048,0.307961,-0.227484,0.146610,-0.095156,0.034242,0.015107,-0.085970,0.158421,-0.273170,0.413615,-0.516920,0.593277,-0.682726,0.773793,-0.883415,0.872703,-0.878226,0.874168,-0.897239,0.888725,-0.769123,0.656389,-0.542799,0.350747,-0.146763,-0.020600,0.178685,-0.433361,0.628037,-0.794728,0.957177,0.998896,0.994013,0.996638,0.904564,-0.736438,0.543654,-0.210149,-0.028962,0.267921,-0.618088,0.827658,0.948693,-0.948205,0.941064,0.977838,-0.754749,0.444561,-0.081881,-0.209417,0.611374,-0.884971,-0.891319,0.910088,-0.924187,-0.836813,0.528425,-0.080050,-0.288520,0.704821,0.993922,-0.895317,0.884940,0.936639,-0.589340,0.056581,0.323556,-0.759144,-0.891105,0.871604,-0.944817,-0.728809,0.188481,0.230627,-0.762928,-0.852103,0.849051,0.933007,-0.594619,0.042543,0.538313,0.900047,-0.861960,0.984430,0.714007,-0.174901,-0.565627,-0.915703,0.942223,0.991083,-0.760761,0.066744,0.760639,0.960016,0.942590,-0.972620,0.620743,0.420634,-0.910881,0.906517,-0.909386,0.994807,0.279914,-0.787526,0.770771,-0.730579,-0.405070,-0.256049,0.620591,0.543288,-0.545973,-0.690264,-0.396891,0.924889,0.387064,-0.350229,0.346536,-0.247046,-0.144413,0.202276,-0.230597,0.207738,-0.094973,-0.061708,0.168278,-0.152164,0.099795,-0.040467,-0.017701,0.059602,-0.159306,0.073915,-0.046022,-0.056215,0.063295,-0.043031,0.067446,-0.012848,-0.009247,0.075045,-0.033143,0.032746,-0.010620,0.014557,0.020051,-0.052247,0.001801,-0.022431,-0.004578,-0.031739,0.005676,-0.009949,-0.019379,-0.008332,0.033021,0.007508,0.001282,0.072328,-0.020844,0.051301,0.004364,-0.001251,-0.016877,-0.044954,0.001648,-0.091158,0.068178,-0.033631,0.057680,0.020142,0.008606,-0.029725,-0.043275,0.019471,-0.075197,0.127323,-0.090487,0.074160,-0.103183,0.021699,-0.028138,0.047853,-0.002594,-0.066683,0.045045,-0.098544,0.172947,-0.181767,0.135410,-0.149845,0.163792,-0.110049,0.051149,-0.071535,0.067934,-0.033082,-0.049043,0.090548,-0.103671,0.127933,-0.211248,0.266517,-0.292335,0.269996,-0.262061,0.260505,-0.292366,0.289344,-0.276161,0.213659,-0.176152,0.152226,-0.157414,0.139469,-0.134281,0.108950,-0.076723,0.028107,0.017792,-0.071443,0.113070,-0.152378,0.168034,-0.200597,0.207860,-0.229712,0.238806,-0.262488,0.282295,-0.312050,0.329629,-0.352212,0.363351,-0.383585,0.389811,-0.404277,0.403971,-0.417460,0.409007,-0.414500,0.408519,-0.405802,0.397227,-0.390940,0.371103,-0.355081,0.298897,-0.235724,0.160710,-0.114780,0.061250,-0.015625,-0.041047,0.093844,-0.159214,0.239996,-0.364877,0.448192,-0.516828,0.580795,-0.662553,0.750019,-0.876853,0.878623,-0.881797,0.872184,-0.881583,0.870719,-0.774647,0.680132,-0.588699,0.456585,-0.216100,0.036256,0.116885,-0.305336,0.527174,-0.672624,0.818075,0.986109,-0.994593,0.999110,0.991602,-0.840079,0.688189,-0.508008,0.158238,0.080446,-0.351510,0.618546,-0.820852,-0.947869,0.928826,-0.950311,-0.954889,0.751148,-0.493024,0.084353,0.210180,-0.596603,0.830740,0.889122,-0.895225,0.912315,0.844351,-0.609726,0.149509,0.201970,-0.642198,0.924675,0.856040,-0.900841,-0.978784,0.720080,-0.196782,-0.241034,0.661027,-0.988764,-0.830099,0.875632,0.822469,-0.405131,-0.107211,0.614487,0.987482,-0.798726,0.914574,0.716754,-0.195317,-0.305763,0.828787,-0.819051,-0.878715,-0.774739,0.375803,0.161778,-0.848654,-0.863059,-0.932244,0.503248,0.337045,0.386912,0.830069,-0.962396,0.881889,-0.697710,0.228674,0.853385,0.924706,0.906609,-0.857169,0.654435,0.650743,-0.937188,0.784444,-0.702105,-0.515607,0.386240,0.500745,0.601150,-0.518171,-0.832998,-0.126071,0.734455,0.452434,-0.352121,0.233862,-0.124271,-0.266791,0.310677,-0.251227,0.084872,-0.014801,-0.149631,0.194493,-0.293098,0.208837,-0.280891,0.701952,0.897148,-0.329812,0.234656,-0.053316,-0.003693,-0.001099,-0.078310,-0.003693,-0.032136,-0.072603,0.057100,-0.024384,0.028504,-0.004669,0.003296,0.043611,-0.003388,0.046479,0.036653,0.026551,0.012238,0.049928,0.022309,0.025971,0.012696,0.028199,-0.018769,-0.029511,0.054017,-0.073702,-0.003601,-0.046266,-0.022523,-0.020417,-0.001862,0.039704,-0.029603,0.086611,-0.051301,0.026734,-0.056459,-0.002686,-0.043641,0.039491,0.048768,-0.040010,0.078615,-0.132175,0.075777,-0.067873,0.100039,-0.048524,0.031342,-0.064363,0.014130,0.067873,-0.078615,0.100466,-0.179356,0.180669,-0.141575,0.122134,-0.167241,0.152317,-0.101840,0.078585,-0.094271,0.073854,-0.004486,-0.086397,0.107303,-0.130222,0.172642,-0.241156,0.284675,-0.303902,0.280586,-0.259375,0.255378,-0.294410,0.299965,-0.301918,0.260047,-0.234015,0.201757,-0.188207,0.179570,-0.175603,0.152531,-0.145939,0.113803,-0.079012,0.027222,0.014008,-0.069094,0.100100,-0.142063,0.162937,-0.187352,0.198552,-0.225134,0.228430,-0.250769,0.257422,-0.278358,0.281959,-0.292701,0.286720,-0.292488,0.276771,-0.268012,0.238318,-0.213628,0.167241,-0.143955,0.106417,-0.081423,0.041535,-0.005768,-0.038301,0.076723,-0.133029,0.189824,-0.296638,0.376688,-0.437419,0.479413,-0.536604,0.588211,-0.664415,0.747486,-0.861930,0.867301,-0.876182,0.875449,-0.879142,0.854361,-0.751240,0.665239,-0.591842,0.500318,-0.345712,0.130222,0.035920,-0.210851,0.447155,-0.588272,0.705767,-0.855429,-0.994013,0.984186,-0.997309,-0.952600,0.778615,-0.641557,0.464611,-0.143741,-0.124118,0.416423,-0.647660,0.822988,0.945550,-0.920342,0.929131,0.911614,-0.719897,0.502759,-0.109317,-0.228613,0.597214,-0.813802,-0.927361,0.868033,-0.902855,-0.846670,0.623246,-0.222662,-0.167149,0.601578,-0.851675,-0.872092,0.863791,-0.991388,-0.747181,0.378031,0.127231,-0.624314,0.866080,0.847739,-0.837332,-0.889793,0.574233,-0.029816,-0.493146,0.824819,0.825155,-0.814229,-0.832296,0.404246,0.098971,-0.657884,-0.912285,-0.837820,0.917107,-0.556014,0.034577,0.580856,0.852896,-0.790364,-0.852957,0.560683,-0.058260,-0.742572,0.796407,0.938134,0.702746,-0.492078,-0.198888,-0.921410,0.919792,0.813528,-0.578567,0.315163,-0.968713,-0.982202,0.788899,-0.588546,0.479504,-0.895195,-0.851523,0.631882,-0.459606,-0.921257,0.110965,-0.587692,0.472210,-0.326699,0.147709,0.022980,-0.329140,0.257544,-0.233801,0.083407,0.014985,-0.153141,0.185979,-0.132755,0.086520,0.041719,-0.112735,0.104525,-0.106326,0.013794,0.015137,-0.057802,0.093203,-0.046663,0.038941,0.036836,-0.056001,0.025147,-0.065248,-0.023774,-0.035401,-0.052492,-0.004181,-0.043092,-0.015198,-0.013245,-0.026368,-0.037599,-0.012238,-0.034181,-0.016449,-0.063539,0.002594,-0.046174,-0.058076,0.022675,-0.057527,0.029298,-0.004517,0.050111,0.005524,0.024293,0.028352,-0.054536,0.020112,-0.075502,0.020600,-0.052827,0.072115,-0.028321,0.034364,-0.020142,-0.083040,0.047395,-0.068453,0.113132,-0.070101,0.069094,-0.124851,0.076174,-0.043428,0.050264,-0.012360,-0.090151,0.090884,-0.091891,0.133579,-0.176701,0.140293,-0.130252,0.176579,-0.195470,0.149235,-0.106997,0.091952,-0.087374,0.029267,0.063631,-0.126285,0.134128,-0.148685,0.176610,-0.233313,0.275001,-0.299782,0.282569,-0.271552,0.274726,-0.315865,0.335793,-0.350595,0.337441,-0.311196,0.275001,-0.248725,0.213842,-0.204626,0.188542,-0.178990,0.161289,-0.148685,0.118472,-0.096530,0.058443,-0.031922,-0.002197,0.021760,-0.051545,0.061739,-0.082552,0.086794,-0.095034,0.091555,-0.092532,0.086275,-0.082522,0.062532,-0.057252,0.033479,-0.017945,-0.008545,0.031159,-0.069612,0.098788,-0.144993,0.191411,-0.284339,0.358438,-0.416728,0.450695,-0.494580,0.528639,-0.579086,0.622239,-0.685625,0.766407,-0.830770,0.831655,-0.854819,0.860709,-0.881126,0.858512,-0.748218,0.652238,-0.578475,0.492047,-0.376413,0.173619,-0.026917,-0.142826,0.351022,-0.540663,0.645890,-0.761005,0.898582,-0.988764,0.999171,0.987574,0.899925,-0.736164,0.587295,-0.392924,0.107577,0.136020,-0.465496,0.666063,-0.836020,-0.964014,0.928887,-0.925896,-0.924309,0.710223,-0.497113,0.127078,0.194677,-0.613846,0.806417,0.959070,-0.895225,0.877067,0.873557,-0.636704,0.262214,0.093691,-0.556777,0.818410,0.904625,-0.866050,0.912926,0.762287,-0.469342,0.015351,0.522444,-0.837668,-0.906395,0.848990,-0.970850,-0.687060,0.189824,0.300117,-0.771412,-0.920403,0.814596,-0.972864,-0.612839,0.044648,0.479809,-0.860984,-0.803792,0.816671,0.696673,-0.174901,-0.300941,0.820028,-0.827505,-0.852957,-0.666704,0.208593,0.241186,-0.955011,0.895958,-0.998072,0.585617,-0.197393,-0.401713,-0.790639,0.842001,0.727649,-0.489484,0.106753,0.955926,-0.869620,0.835531,-0.533125,0.324807,0.015290,-0.998896,0.892875,-0.627823,0.437603,-0.292122,0.157108,-0.010498,-0.940667,0.678972,-0.457134,0.239874,-0.021393,-0.823873,0.645646,-0.422191,0.197057,0.034364,0.859763,0.642289,-0.409709,0.194829,0.038270,0.897270,0.651536,-0.401621,0.191594,0.112613,-0.989039,0.641557,-0.408488,0.208288,0.071474,-0.829214,0.711535,-0.446880,0.326851,0.146549,-0.534559,0.648149,-0.480145,0.256568,0.077120,-0.294716,0.386271,-0.280586,0.124637,0.037354,-0.127506,0.156559,-0.117953,0.055635,0.039338,-0.058931,0.066591,-0.029237,0.038056,0.002533,-0.025971,0.048921,-0.013062,0.022706,0.002747,-0.007477,0.007721,0.009094,-0.004212,0.011048,0.017029,0.007752,0.015870,-0.007355,0.014161,0.008393,-0.001129,-0.008301,-0.007691,0.010834,0.009918,0.006745,0.011414,0.015931,0.011933,0.001129,0.009217,-0.003204,-0.002533,0.020386,-0.006378,0.002655,0.027711,-0.007385,0.005676,0.015107,0.004883,-0.000305,0.008362,0.009766,0.006561,-0.002197,0.000519,-0.002350,0.001373,0.022156,0.006287,0.013855,0.002960,0.021760,-0.003906,0.004761,0.006195,0.021119,0.010468,0.010285,0.005768,0.021180,-0.008423,0.001587,-0.000824,0.013825,0.002472,0.006867,-0.008332,0.018921,0.000366,0.019104,-0.002625,0.024506,-0.010315,0.001740,0.008362,0.009979,0.000885,0.012177,0.002503,0.003601,-0.004944,0.007691,-0.015320,-0.007019,0.014435,0.007080,0.000244,0.001282,0.004334,0.015870,-0.000488,0.010041,-0.016785,0.012482,0.000732,0.023804,0.002045,0.010590,-0.004669,0.026520,0.008698,0.006561,-0.013611,0.023133,-0.000244,0.006622,0.013733,0.014435,0.003571,0.017579,-0.024720,0.029053,0.012360,-0.006256,0.005646,0.015473,0.002686,0.005463,0.004944,0.000366,0.001709,0.017670,0.004395,-0.012940,0.009400,0.016663,0.011994,0.003632,0.002075,0.006684,0.002441,0.015534,0.016724,0.024232,-0.001495,0.024567,0.008850,0.004059,0.020752,0.014008,0.018952,0.002716,-0.008270,0.027070,0.011811,-0.000885,0.009278,0.010315,0.001587,-0.003388,0.004852,0.011719,0.010926,0.021607,0.002350,0.000275,0.013977,0.017395,-0.005310,-0.004181,0.009796,0.022278,-0.005585,0.001617,0.004761,0.011658,-0.003021,0.015137,0.008332,0.009125,0.006439,0.019562,0.008606,0.008667,-0.005127,0.012940,0.004608,0.002625,-0.004120,-0.004456,0.017395,0.020295,-0.012757,0.009674,0.012451,0.009369,0.021882,0.011780,0.014252,0.015076,0.014344,-0.007904,0.015900,0.005951,0.005646,0.003449,0.011170,0.007050,0.015107,0.009583,0.006409,0.026063,0.028504,0.014191,0.011261,0.011292,0.001648,0.006684,-0.005249,0.022523,0.011658,-0.007385,0.021058,0.008820,0.008545,0.017090,0.011231,0.010102,0.003418,0.020234,0.003784,0.009003,0.006470,0.013428,0.016236,-0.011627,0.012329,0.020630,-0.001099,0.008423,0.014649,0.016236,0.011444,-0.002289,0.015351,-0.000244,0.006317,0.014527,-0.006500,-0.001129,0.007843,0.022034,0.016785,0.003510,0.013214,0.006684,0.002258,0.008545,0.009033,0.019715,0.024293,0.010559,0.013520,0.008423,0.002045,0.013947,0.010468,0.006470,0.009949,0.004974,0.025696,0.011475,0.010407,0.018006,-0.003662,0.010071,0.013184,0.004913,0.012787,0.006561,-0.005829,0.007538,0.006226,-0.005066,0.009552,0.005615,0.021943,-0.007813,0.004791,0.008728,0.017701,-0.002350,0.010315,0.001495,0.004639,-0.005707,0.001740,0.000031,0.002197,0.000427,0.034028,-0.000610,0.010224,0.002564,0.011994,0.013214,0.004608,0.001923,0.001648,0.006439,0.015107,0.011963,0.009491,0.008759,0.010681,0.005249,0.014191,0.007843,0.002960,0.004089,0.016541,0.004639,0.014740,-0.000946,0.007508,0.000458,0.018860,0.000763,0.020478,0.005798,0.002350,0.016907,0.007172,0.001831,0.003357,0.001129,0.011719,0.007019,0.014191,-0.004547,0.002228,-0.013398,0.028962,0.005676,0.020936,0.008606,0.010224,0.006043,0.009247,-0.001495,0.023713,0.005951,0.003723,-0.001404,0.013153,0.005371,0.015442,0.003479,0.012146,0.002045,0.021271,-0.010773,0.015015,0.000671,0.016022,0.001953,0.009125,-0.004486,0.006745,0.010285,0.016999,-0.007141,0.006287,-0.008179,0.001831,0.001434,0.007446,0.011231,0.004028,-0.006836,0.001831,-0.012757,0.016968,0.010926,0.001648,0.004150,0.011811,0.010987,0.020997,0.006622,0.004273,0.010529,0.012574,0.005646,0.026917,-0.012329,0.011170,0.000000,0.013398,-0.010590,0.009979,-0.001160,0.025483,0.006317,0.006226,-0.000946,0.003601,0.007324,0.005188,0.002533,0.023896,-0.006470,0.012146,0.004395,0.015534,0.012787,0.027375,-0.008148,0.021607,0.014008,0.021607,0.000183,-0.002503,0.008911,0.023133,-0.002930,0.018219,-0.003754,0.026185,-0.006531,0.005798,0.005249,0.006989,0.015473,0.005554,-0.003510,0.030640,0.011414,0.022248,-0.015229,0.023255,0.001160,0.013306,0.006165,0.002319,0.006378,0.004028,-0.004608,0.023011,0.010834,0.009796,-0.013916,0.004028,0.006134,0.018342,-0.002777,0.023133,-0.003784,0.018433,-0.001038,0.018586,0.002228,0.014527,-0.002106,0.011017,-0.008240,0.016419,0.001007,0.026124,0.002564,0.017792,0.001190,0.026276,0.002991,0.008332,0.000855,0.013733,0.008240,0.004944,0.001495,0.022675,-0.005737,0.019684,-0.008942,0.015778,-0.012268,0.009430,-0.001892,0.015412,-0.003510,0.006439,-0.002106,0.010224,-0.010437,0.007080,-0.002258,0.017029,-0.005097,0.010010,0.001190,0.012909,-0.009278,0.020508,-0.002930,0.003479,0.002777,0.016968,0.005188,0.027772,0.007691,0.016114,0.001801,-0.006561,-0.000366,0.009278,-0.005524,0.014069,0.015656,0.014557,-0.005310,0.006500,-0.004669,0.030762,0.005371,0.019104,-0.007538,0.013611,0.002258,0.019776,-0.000824,0.015259,0.003418,0.005097,-0.009094,0.014283,-0.004700,0.012268,-0.007111,0.009613,-0.022736,0.021912,0.006745,0.005280,-0.010071,0.014374,-0.006592,0.003662,-0.008057,0.020203,0.001740,0.018433,-0.018952,0.010651,-0.005951,0.016846,0.000855,0.018860,0.001709,0.019501,0.000763,0.004852,-0.005890,0.011139,-0.015107,0.018525,0.000916,0.017151,0.003510,0.025574,0.005219,0.014771,-0.018982,0.024537,-0.005280,0.024720,-0.000427,0.006622,0.002930,0.011536,0.007385,0.038972,-0.014130,0.016816,0.005005,0.009766,0.009827,0.020844,0.005951,0.011109,-0.017823,0.020722,0.007050,0.013550,0.006287,0.001648,-0.016541,0.018250,-0.007569,0.026520,0.009644,0.010132,-0.000610,0.026063,-0.001556,0.015870,-0.007965,0.023255,-0.001770,0.010834,-0.015168,0.018311,-0.003113,0.020142,-0.011627,0.025208,-0.003876,0.011566,-0.014740,0.021851,-0.011627,0.013581,0.010834,0.012513,-0.007843,0.004150,-0.002319,0.026856,-0.001984,0.022919,-0.003082,0.010071,-0.000214,0.024476,-0.010468,0.015961,0.001984,0.018219,0.002533,0.016816,-0.003479,0.025544,-0.006317,0.002106,0.003967,0.024415,0.003326,0.023285,-0.013459,0.015229,-0.012085,0.006775,-0.017975,0.022309,-0.016297,0.024109,-0.015686,0.028535,0.000336,0.033692,0.001587,0.012665,-0.002472,0.029603,-0.020569,0.015534,-0.003265,0.023316,-0.002960,0.019410,-0.014618,0.019257,-0.000275,0.018708,0.010407,0.015778,-0.006195,0.024842,-0.015442,0.015870,-0.006561,0.013214,-0.018219,0.029755,-0.000092,0.015168,0.005463,0.021973,-0.006989,0.032197,-0.005371,0.021119,-0.017060,0.020051,-0.013123,0.022736,-0.009064,0.025452,-0.000092,0.012940,-0.002960,0.008026,0.001953,0.014588,-0.012513,0.021607,-0.022034,0.039735,-0.004334,0.006958,-0.013733,0.037324,-0.013184,0.019867,-0.009522,0.019990,-0.022645,0.018555,-0.015168,0.023591,-0.015961,0.024293,-0.004944,0.005737,-0.005585,0.006928,-0.015717,0.015381,-0.021515,0.013520,-0.012238,0.025880,-0.008362,0.033845,-0.005005,0.023987,-0.016907,0.014038
