0.026307,0.000000,0.000000,0.000000,0.000000,0.000000,0.000000,0.000000,0.000000,0.000000,0.000000,0.012665,0.006806,0.004883,0.003876,0.000000,0.007813,0.005829,-0.005341,-0.001007,0.008301,0.004852,0.008270,0.000977,0.011200,0.000488,0.000000,0.006348,0.013153,0.005829,-0.001953,-0.002441,-0.001953,-0.000488,0.000000,0.000977,0.000000,-0.000031,0.006348,0.007294,-0.000977,-0.002441,-0.005860,0.002930,-0.000977,0.001465,0.003388,-0.004852,0.004364,0.006348,-0.002930,0.004395,-0.002441,0.000946,0.005371,-0.001953,-0.000977,-0.005371,-0.001465,-0.002441,0.005341,0.003418,0.000488,0.002411,0.003418,-0.000031,-0.000488,0.000488,-0.003906,-0.000488,0.000977,-0.001953,0.009247,0.010254,0.003876,0.003418,-0.001953,-0.000031,0.001953,0.001953,0.004852,0.005341,0.001465,0.005371,-0.007324,0.000000,0.002930,0.003876,-0.005371,0.005371,-0.000977,-0.000488,0.003876,0.002930,0.000000,0.004364,0.000488,-0.023408,-0.021912,-0.024872,-0.049226,-0.013642,-0.006348,-0.011689,0.002411,-0.011689,-0.028779,-0.027283,-0.032166,0.000000,-0.012207,-0.033631,-0.005860,-0.006348,-0.003876,-0.042909,-0.036561,-0.036561,-0.009247,-0.025849,-0.021424,-0.021943,-0.003418,-0.018525,-0.018525,-0.011689,-0.015137,-0.006317,-0.027314,-0.003418,-0.009735,-0.015107,-0.015107,-0.010742,-0.038026,-0.022889,-0.035096,-0.033143,-0.013184,-0.019471,-0.024384,-0.037049,-0.034089,-0.011719,-0.026307,-0.014161,-0.030701,-0.013642,-0.013153,-0.022919,0.002441,-0.004395,-0.014618,-0.006836,-0.038514,-0.015107,-0.014618,-0.010712,-0.019990,-0.026826,0.001465,-0.017548,-0.001465,-0.011231,0.015107,-0.000977,-0.024872,-0.002930,-0.008270,-0.018525,0.006806,-0.013642,0.015107,-0.016083,-0.012696,-0.017548,-0.030701,-0.010712,0.014130,-0.024872,-0.026307,-0.010254,-0.028748,-0.020966,-0.013642,-0.010254,-0.024354,-0.005860,-0.030701,0.013153,-0.007813,-0.007813,-0.007294,0.020447,-0.010224,-0.012207,-0.012665,-0.024384,-0.023377,0.005829,0.003418,-0.003418,-0.019013,0.006806,-0.025819,-0.002930,-0.014130,-0.019501,-0.030244,0.003906,0.000000,-0.006348,0.004852,-0.019013,-0.026307,0.003876,-0.019013,0.017548,-0.015595,0.000488,-0.018036,0.008270,0.032655,-0.006348,-0.008789,-0.016571,-0.007813,-0.030701,-0.011689,-0.016571,-0.008789,-0.034608,-0.031190,-0.021424,-0.031220,-0.017548,-0.012177,-0.022919,-0.004852,-0.021943,-0.009278,-0.020936,-0.016083,0.002899,-0.014618,-0.025330,0.006806,-0.018036,-0.003906,-0.028748,-0.000977,-0.017090,-0.022400,-0.027802,-0.026307,-0.007813,-0.027772,-0.028779,-0.030701,-0.014618,-0.036561,-0.000977,-0.043367,-0.014130,-0.018036,-0.003906,-0.012207,-0.013642,-0.039460,-0.015137,0.000488,-0.019013,-0.026795,0.007782,0.002930,-0.035096,-0.022431,-0.009278,0.002930,0.005860,-0.035096,-0.017579,-0.015595,-0.028748,0.002930,-0.013672,-0.017548,-0.008759,-0.029267,-0.019471,-0.039491,0.001465,-0.013153,-0.017579,0.017548,-0.014618,-0.004883,-0.028748,0.013153,-0.021454,-0.007324,-0.003876,-0.010254,-0.042390,0.005829,0.001465,0.003906,-0.019990,-0.029725,-0.020478,-0.037049,-0.052644,0.016571,-0.009278,-0.021943,-0.048219,-0.034120,0.005829,-0.040925,0.005341,-0.023896,-0.014618,-0.023377,-0.033143,-0.027314,0.018525,-0.011231,-0.046785,-0.009735,-0.000977,-0.023896,0.010224,0.004852,0.005371,-0.019501,-0.014130,-0.004883,-0.039002,0.001465,0.014618,0.008759,-0.001465,0.006348,-0.014618,-0.000977,-0.031709,-0.006806,-0.039491,-0.038026,-0.008759,-0.015107,0.013123,-0.023865,-0.034608,-0.011719,-0.008759,-0.019990,0.009735,-0.004395,-0.016571,-0.024354,-0.012696,-0.023896,-0.033143,-0.004395,-0.021424,-0.043397,-0.026307,-0.000488,0.013153,-0.024872,-0.015107,0.004395,-0.042909,0.000000,-0.008789,-0.015107,-0.010712,0.001923,-0.018525,-0.014618,-0.011689,0.008759,-0.019013,-0.004395,0.009735,-0.012177,-0.014130,-0.030244,-0.012177,-0.003418,-0.021943,0.008301,-0.009766,-0.030213,-0.003418,-0.037049,-0.028260,-0.016571,0.001465,-0.008301,-0.016083,-0.016083,-0.014130,-0.022919,-0.009735,-0.037049,-0.021424,-0.002441,0.006317,-0.009247,-0.029755,-0.009735,0.006348,-0.011231,-0.001953,-0.018036,-0.020966,0.002441,-0.026795,-0.022919,0.009735,0.013642,-0.017548,-0.019990,-0.017060,-0.011231,-0.039949,-0.007324,-0.017060,0.001465,-0.013153,-0.013672,-0.012665,0.006806,-0.002441,-0.019013,0.002441,-0.025849,-0.019471,-0.025849,-0.014618,-0.010224,-0.025361,-0.000488,-0.015107,-0.006348,-0.018525,-0.017060,-0.005371,-0.006806,0.007294,0.000000,-0.024872,-0.018525,-0.013153,-0.011231,0.000488,0.012665,-0.023896,0.000000,-0.012177,-0.009278,-0.002930,-0.037049,0.000000,-0.007324,-0.019013,-0.008759,0.003388,-0.011689,0.016083,0.012665,-0.017060,-0.000031,0.003906,0.004395,-0.000488,0.006317,0.006348,0.008270,-0.004395,-0.010742,0.033143,0.005371,0.021912,0.021454,-0.008301,-0.034608,0.008759,0.004395,-0.017060,-0.026826,-0.029237,0.013642,-0.018525,-0.009735,-0.018036,0.020478,-0.001007,0.014130,0.007813,-0.020966,-0.008270,-0.005860,0.000977,0.009247,-0.025819,-0.018525,-0.012207,0.000488,-0.016571,-0.020966,-0.029725,0.000488,-0.032655,-0.002930,-0.005860,0.004395,0.002899,-0.032166,0.002930,0.000488,0.017060,-0.001495,-0.003876,-0.005860,-0.004395,-0.005860,-0.008789,-0.047761,-0.010224,-0.000977,0.003876,-0.017548,-0.036073,-0.014618,-0.002930,-0.025819,-0.027802,-0.020447,-0.031709,-0.007782,-0.028779,-0.020478,-0.010712,0.020447,0.016571,0.003418,0.010224,-0.009278,-0.008270,-0.000031,0.007324,-0.006836,-0.001465,-0.026337,-0.016571,-0.003906,0.002930,-0.029237,-0.030701,0.007294,-0.009247,-0.005860,-0.007813,0.006348,0.005341,-0.002930,-0.013642,0.017548,-0.029755,-0.010712,0.001953,-0.010254,-0.012177,-0.013672,-0.014130,-0.024354,0.028748,-0.001953,-0.005371,-0.001953,0.008270,0.015595,-0.019013,-0.013153,0.006806,-0.007294,-0.006836,0.000000,-0.016571,-0.027802,-0.020936,-0.023896,0.016083,0.018982,-0.000488,0.024842,0.014130,-0.025819,-0.014618,-0.011231,-0.007782,-0.001465,0.001923,0.010712,0.000488,-0.017548,-0.018036,-0.016083,-0.008789,0.006348,0.001465,-0.008301,0.000977,0.013153,-0.005860,-0.002930,-0.004852,0.012177,0.025330,0.005341,0.001465,0.011231,-0.000031,-0.001953,0.016083,-0.002441,0.023865,-0.005829,-0.001953,-0.004395,-0.003418,0.011689,0.025330,-0.002441,-0.010712,-0.011231,-0.010712,-0.016083,-0.014161,-0.000977,0.020478,-0.000977,0.013642,-0.014161,0.001465,0.024842,-0.010224,0.012177,-0.011689,0.008270,-0.005860,-0.009278,-0.003876,0.001923,0.012665,0.015595,0.013642,-0.013642,0.005341,0.001953,-0.002441,0.000488,0.004364,-0.016571,0.009735,0.006836,0.008270,-0.016571,0.017060,0.009735,0.000000,-0.010742,-0.033631,-0.018036,-0.025361,0.012696,-0.013184,0.014130,-0.022889,-0.021454,0.019471,-0.026307,-0.013642,-0.006836,-0.013153,0.035554,0.024872,-0.004395,-0.005371,0.003906,0.012177,-0.030244,-0.002930,0.009735,-0.009735,-0.010254,-0.005341,-0.008789,-0.004883,0.000977,0.019501,-0.014161,0.010742,-0.017579,-0.001923,0.010224,-0.038026,0.014618,0.013642,0.000946,-0.010712,0.018036,-0.001953,0.008759,0.024842,-0.001465,0.003906,0.001923,0.003906,0.010712,0.011689,0.016083,-0.021943,-0.026826,-0.005829,-0.000031,0.011200,-0.006317,0.004852,-0.011689,0.011200,-0.005860,0.000488,-0.014130,0.012177,0.020447,-0.003418,-0.019013,-0.010712,-0.003418,-0.005860,0.013153,0.011200,-0.019013,-0.001953,-0.007294,0.003388,-0.003906,-0.024354,-0.023896,0.011689,-0.038972,0.000458,-0.028260,-0.013153,0.011200,0.007294,0.012696,0.016053,-0.011200,0.008270,-0.000977,0.040925,-0.010742,-0.005341,0.013642,-0.019990,-0.017548,-0.021943,-0.016083,-0.001953,0.013642,0.036042,-0.034089,0.012177,-0.000977,-0.010254,-0.000977,0.012177,0.011689,0.036073,-0.021454,-0.006348,-0.010254,-0.009735,0.016571,0.004852,0.016571,0.012665,0.020936,0.006836,0.010224,0.019959,-0.007294,0.010712,0.004395,0.020936,0.003906,0.026307,0.001465,-0.003906,-0.015625,-0.008270,-0.014130,0.003876,0.016083,0.023865,0.017060,-0.003906,0.016083,-0.004883,0.005371,-0.000488,0.025819,0.014130,-0.010742,-0.011200,-0.010254,-0.015107,0.014618,-0.019990,0.002930,-0.003418,0.000488,0.003388,-0.005371,-0.003906,-0.007294,-0.014618,-0.031190,0.020447,0.000000,-0.000977,-0.002930,-0.007324,0.019471,-0.014130,0.009735,-0.009735,-0.015595,0.006806,0.012665,-0.001465,-0.003906,-0.011231,-0.018036,0.011719,0.024842,-0.013672,0.007324,-0.005371,0.021454,0.003388,-0.013153,-0.010254,-0.001953,0.016571,0.003906,-0.004883,-0.026307,-0.007813,0.009735,-0.005371,0.034120,-0.004883,-0.035096,0.005371,0.030671,-0.011200,0.010712,0.010224,-0.017548,0.021912,0.015107,-0.019501,-0.001465,0.007813,0.032136,0.000488,-0.020966,-0.002441,-0.008270,-0.007324,-0.014130,0.002930,0.005829,0.005860,0.028260,0.008759,-0.018525,-0.017548,0.024842,-0.026307,0.014588,0.000488,0.010712,0.024384,0.003876,0.017548,0.013642,0.042390,-0.002930,-0.017548,0.018006,-0.004852,0.005341,-0.012665,-0.009766,-0.026307,0.003906,-0.008301,-0.011231,0.022919,0.005829,0.000977,0.014618,-0.013642,-0.000031,-0.015107,-0.024842,0.013123,0.032655,0.004395,-0.001953,0.007294,-0.003906,0.010742,0.001923,-0.002930,0.013642,0.005860,0.017029,-0.000488,-0.007294,-0.016083,0.004364,0.023896,-0.020966,-0.017548,-0.000977,0.015107,0.026307,0.005341,0.007324,-0.011231,0.022431,0.017029,0.011689,0.011231,-0.009278,-0.021454,-0.001953,0.014130,0.015107,0.007813,-0.000488,-0.010742,0.017060,0.017548,0.001465,0.009735,-0.019501,0.013153,0.007782,0.007813,0.020447,-0.022889,0.006317,-0.016083,0.007813,0.009247,0.050691,-0.010742,0.002930,-0.002930,-0.011231,0.020478,-0.037538,-0.003418,-0.021912,-0.000031,0.008789,0.005829,-0.002930,-0.009278,0.008301,0.011689,-0.009278,-0.009735,-0.024872,0.000000,-0.003418,0.022431,-0.021943,-0.003906,0.010712,-0.007813,0.006348,0.003876,0.013642,-0.012665,0.006348,-0.002960,-0.018006,-0.014649,0.021454,-0.013642,0.047731,0.020478,0.016571,0.001923,0.005371,0.040437,-0.023408,0.011231,0.007294,0.001953,-0.004395,-0.013672,-0.017548,0.007813,-0.004395,0.011200,-0.004883,0.011689,-0.006806,0.002411,0.014618,-0.006806,0.024842,-0.003418,-0.012177,-0.012696,0.007324,0.003388,-0.001465,-0.003418,0.008759,0.039002,0.021424,-0.001465,-0.017060,0.034089,0.028260,0.014130,-0.009247,-0.013642,-0.002960,-0.010224,-0.001953,-0.005371,0.002441,-0.015107,0.017548,0.018006,0.029237,0.031190,0.003906,0.015564,0.011231,-0.000488,0.014588,0.031190,0.001953,0.028260,0.011200,-0.011200,0.030671,0.008301,0.003876,-0.001953,0.024872,-0.001495,0.027283,0.025361,0.003388,-0.031190,0.005860,0.004364,0.008270,-0.013153,-0.000488,-0.009735,0.028748,-0.011231,-0.000488,-0.013642,0.016571,0.006317,-0.011689,0.019013,-0.023408,0.001465,-0.006836,0.002441,0.022400,0.019013,0.006806,0.008789,0.043855,0.015595,0.051637,0.010712,0.021454,-0.007813,-0.013153,0.024842,0.023377,0.018525,0.006806,0.033143,0.000488,-0.001465,-0.014161,-0.026795,-0.010254,0.010742,0.015076,0.012207,0.033112,0.006348,-0.001465,-0.029267,0.016571,-0.019501,0.006836,0.007782,0.016083,0.011200,-0.010254,0.005860,0.013153,0.019471,0.013642,0.000000,-0.007324,-0.000488,0.005371,-0.004395,0.005341,0.012177,0.022431,0.009247,0.050691,-0.003906,0.022400,-0.006806,0.012665,0.019471,0.007813,-0.000977,0.000000,0.038972,0.006348,0.012665,0.025330,0.026307,0.028260,-0.005860,0.016571,0.002441,-0.008789,-0.001953,0.021943,-0.003906,0.018036,0.013611,0.019013,0.030701,-0.001953,0.051637,0.019013,0.017060,0.032166,0.016541,0.019990,0.008270,0.022889,0.010742,-0.023408,0.025330,0.000977,0.014130,-0.005371,-0.003388,0.016053,0.040437,0.000977,-0.002441,0.010224,0.030701,0.032166,0.003388,0.008270,0.029237,0.022919,0.016541,-0.009247,0.009735,0.004852,0.016083,0.001465,-0.007813,-0.010224,0.005829,0.005341,0.033143,0.008270,0.018525,0.031190,0.026795,0.008759,0.009766,0.004852,-0.018036,0.011200,0.014618,0.006348,-0.003906,0.028260,0.008270,0.023377,0.019501,0.004852,0.030213,0.016083,0.010712,0.015107,0.013153,0.026795,-0.003418,-0.002441,0.013642,0.010224,0.024384,0.000946,0.006348,-0.011689,0.009735,0.000977,0.005829,0.016083,0.016541,0.006836,0.021912,0.023896,-0.010254,0.000488,0.049714,0.001923,0.040467,0.008759,0.006806,0.015107,-0.011689,-0.000031,-0.000977,0.028260,-0.010712,0.020936,0.022889,0.008301,-0.021943,0.011689,-0.003906,0.012177,-0.013642,0.004364,0.034120,0.040925,0.031678,0.024842,0.019990,0.037995,0.041444,0.014130,-0.009766,0.021454,-0.001953,0.030701,0.054567,-0.011719,0.015107,0.005371,0.011689,0.016053,0.007324,0.015107,-0.000488,0.001923,0.003418,0.014618,0.020936,0.019013,0.020936,0.019013,0.003388,-0.010712,0.024354,0.009735,0.019013,0.014618,0.030213,0.020936,0.020936,0.035584,-0.004883,0.026307,0.019501,0.001465,-0.014649,0.000000,0.025819,0.002930,-0.006348,-0.017548,0.008270,0.006348,-0.022919,0.020478,0.027772,-0.001953,0.006317,0.031190,0.014618,-0.001953,0.037507,-0.005341,0.015595,0.003388,0.026307,0.030701,0.028260,0.021424,0.029237,0.015595,0.000488,0.012665,0.010712,0.023896,0.031678,-0.007324,0.009247,0.019501,0.027772,-0.005860,0.008759,0.012177,-0.018525,0.014130,0.032655,0.032166,0.029725,0.015595,0.029206,0.017060,0.025361,0.016541,0.009735,0.030213,0.012665,0.045320,0.016571,0.019013,0.020447,-0.005341,-0.004883,0.014130,0.013642,0.026795,0.055055,0.008789,0.009735,0.032624,0.022919,-0.008301,0.034608,0.016083,0.038484,0.041902,0.009735,0.033143,0.023377,-0.014130,0.007294,0.054597,0.028748,-0.001953,-0.001953,-0.007324,0.029725,0.004395,0.031678,0.033112,-0.006806,0.002899,-0.011200,-0.011231,0.016571,-0.001465,-0.009278,0.000488,0.057497,0.007813,-0.007324,0.028748,0.025330,0.014618,0.036073,0.016053,0.042909,0.043824,0.012207,0.018006,0.038972,0.051179,0.007813,0.009247,0.021912,0.041444,0.028260,0.000458,0.041932,0.008270,-0.014161,0.022431,0.016083,0.007782,0.027283,0.009735,0.019501,0.002411,-0.005341,0.024354,0.019471,0.022889,0.012207,0.013642,0.002899,0.016083,0.007294,0.023408,0.008759,0.026307,0.041902,0.016083,-0.007324,0.025819,0.016571,0.020936,0.008789,0.026795,0.016053,0.036561,0.027283,0.000488,0.021912,0.008270,0.032166,0.009247,0.029237,0.007813,0.032136,0.017060,0.029725,0.030213,0.005860,0.017518,0.026826,-0.002930,0.001923,-0.014130,0.023865,0.018036,0.013642,-0.000977,0.013642,-0.003906,0.001465,0.015107,0.018006,-0.005371,0.000488,0.018036,0.014130,0.030701,0.020447,0.012177,0.008270,0.016083,0.006348,-0.007324,0.006348,0.009735,0.008759,0.025819,0.000977,0.015595,0.018982,0.021943,0.014130,-0.011689,0.005341,-0.003906,0.013642,0.019501,0.000946,0.022431,0.030213,0.023865,0.044862,0.012665,-0.009278,0.008270,0.023408,0.010224,0.025330,0.008270,0.053621,0.035554,0.003906,0.026307,0.010712,0.018525,-0.002441,0.014130,0.022889,0.003418,0.013642,0.008270,0.056032,0.036561,-0.002441,0.037995,0.017548,0.026795,0.025819,0.023896,0.042878,0.046785,0.019959,0.020936,0.018525,0.033143,0.000977,0.020936,0.012177,0.023408,0.018982,0.020478,0.040437,0.013153,0.005829,-0.007782,0.007782,0.007813,0.024354,0.003876,0.016083,0.019013,0.050660,0.021943,0.000977,0.013642,0.010712,-0.000488,0.023377,-0.005371,0.032166,0.029725,0.029725,0.014130,0.014130,0.031190,0.008270,0.013153,0.017548,0.039460,0.021943,0.020447,0.032166,0.044831,0.030213,0.037019,0.017548,0.047273,0.033143,0.038484,0.039979,-0.006836,-0.009278,0.026307,0.021454,0.039460,0.030701,0.031190,0.019013,-0.009766,-0.020478,0.002441,0.022400,0.012696,0.015595,-0.001953,-0.001007,0.023408,0.036042,0.029725,-0.005341,0.009735,0.037995,0.033143,0.028748,0.022889,0.014618,-0.000488,0.029237,0.046785,-0.005371,0.030701,0.023377,0.065767,0.033631,0.004883,0.032136,0.010742,0.026307,0.021424,0.026307,0.013642,0.016083,0.029725,0.029725,-0.003418,0.036042,0.019013,0.031190,0.033143,0.013153,0.004364,0.020966,0.021424,0.037507,0.021454,0.029725,0.040925,0.041413,0.053132,0.005341,0.011689,0.026795,0.008301,-0.002960,0.029237,0.049714,0.016571,0.006806,0.024842,0.008301,0.000458,0.025819,0.054597,0.022400,0.019501,0.021424,0.044343,0.050203,0.022400,0.017548,0.021943,0.030671,0.013153,0.000000,0.029237,0.007294,0.022919,0.023377,0.006806,0.041902,0.053132,0.017029,0.027772,-0.024354,0.019959,0.010742,0.005829,0.031190,0.012177,0.002441,0.024842,0.015107,0.015595,0.048707,0.018525,0.018525,0.033143,0.034577,0.030213,0.003906,0.002411,0.021943,0.025819,0.027283,0.029725,0.032655,0.029725,0.038484,0.049714,0.017548,0.036042,0.021454,0.009247,-0.003906,0.020478,0.036530,0.033143,0.025330,-0.007782,0.019471,0.001953,0.029725,0.040437,0.035554,0.030213,0.025361,0.003388,0.021943,0.022889,0.017548,0.038972,0.011200,-0.004883,0.017060,0.013642,0.023377,0.011689,0.010742,0.018494,-0.005860,-0.013153,0.036561,0.012665,0.009247,0.012665,-0.000977,0.001465,0.008270,0.015595,0.022431,-0.009278,-0.008270,-0.002930,0.010712,-0.009766,0.010742,0.033112,0.039002,0.008759,0.040925,0.022431,0.057497,0.020936,0.036073,0.020936,0.008789,0.014588,-0.023865,0.012665,0.017060,0.018494,-0.000488,0.018525,0.031190,0.016541,0.037538,0.044831,0.005829,0.034120,0.039949,0.042909,0.006806,0.045808,0.018982,-0.006317,0.026795,0.003388,0.025361,0.029206,0.028779,0.014130,0.004852,0.025330,0.023896,0.026307,-0.007324,0.020478,0.004852,0.050691,0.012177,0.004852,0.030701,0.008759,0.000488,0.021454,0.011200,0.035066,0.023896,0.036042,0.011689,0.039491,0.029725,-0.014161,0.051179,0.013153,0.022889,0.033631,0.007813,-0.005860,0.025330,0.042390,0.009247,0.019013,0.029237,0.017060,0.037507,0.059450,0.024842,0.009766,0.043336,0.038026,0.023377,0.063356,0.010224,0.022889,0.043367,0.041444,0.032624,0.021454,0.010224,0.024354,0.018036,0.042390,0.048707,0.018525,0.048738,0.042390,0.049226,0.036042,0.015107,0.005860,0.018494,0.009735,0.030213,0.045320,0.016083,0.018006,0.037538,0.025330,0.038484,0.030701,0.040925,0.002930,0.014618,0.020936,0.013642,0.017060,0.034120,0.065279,0.020966,0.035066,0.029725,0.038026,0.059938,0.025330,0.036073,0.041902,0.015076,0.014618,0.049714,0.020478,0.006806,0.022889,0.024842,0.023896,0.020478,0.023865,0.038484,0.057985,0.026826,0.060426,0.056032,0.026307,0.016571,0.053590,0.056520,0.033631,0.025819,0.016571,0.036561,0.028748,0.046754,0.000977,0.017548,0.023896,0.018982,0.044343,0.048250,0.017548,0.026795,0.045320,0.017060,0.028748,0.053102,0.011689,0.055055,0.029725,0.042390,0.012696,0.015564,0.018525,0.027772,0.036073,0.005341,0.005371,0.048707,0.020966,0.011689,0.023865,0.026307,-0.003906,0.038514,0.045808,0.034089,0.005371,0.031678,0.004852,0.007294,0.005371,0.015107,0.049684,0.013153,0.039979,0.041413,0.026795,0.018036,0.020936,0.001953,0.032136,0.013153,0.028260,0.053132,0.045808,0.010224,0.014130,0.041902,0.031190,0.031190,0.013123,0.021454,0.016083,0.018006,0.011689,0.030701,0.044343,-0.008301,0.023896,0.007782,0.000000,0.017548,0.033631,0.023377,0.005860,0.047761,0.034089,0.045320,0.039491,0.008270,0.025330,0.018036,0.025330,0.020478,0.015076,0.044862,0.045289,0.021943,0.039949,0.039979,0.031159,0.017548,0.004395,0.007782,-0.004852,0.034577,0.059450,0.024842,-0.005829,0.014588,0.006348,-0.005860,-0.003418,0.030213,0.029237,0.011689,0.007813,0.014130,0.025819,0.065798,0.015595,0.006806,0.025819,0.020936,0.014130,0.025819,0.024384,0.026795,0.018006,0.026307,0.027772,0.032655,0.051179,0.017548,0.019959,0.030701,0.035554,0.022431,0.010224,0.009247,0.025849,0.053102,-0.016083,0.018525,0.017029,0.054109,0.042878,0.005341,0.062380,0.021454,0.031190,0.029206,0.027772,0.021454,0.008270,0.032655,0.030213,0.022889,0.016571,0.019959,0.014130,0.044862,0.042878,0.000946,0.039979,0.027283,0.015107,0.010224,0.037019,0.029237,0.025819,0.030213,0.027772,0.024842,0.034608,-0.009278,0.024384,0.039460,0.029237,0.042878,0.026795,0.021454,0.022889,0.033143,0.018982,0.036561,0.018036,0.058473,0.012177,0.024842,0.007782,0.027283,0.023896,0.030701,0.042878,0.042390,0.032624,0.048738,0.033143,0.008759,0.018036,0.026795,0.006806,0.000977,0.023377,0.025849,0.008759,0.054567,0.061891,0.049714,0.056520,0.032655,0.019959,0.028260,0.035584,0.028260,0.005829,0.037019,0.027283,0.027772,0.043367,0.032166,0.011200,0.041902,0.026795,0.026337,0.024354,0.037019,0.044831,0.012665,0.023896,0.002411,0.009766,0.036042,0.033143,0.020936,0.040925,0.029725,0.033631,0.025819,0.027283,0.049226,0.029725,-0.000488,0.017548,0.035554,0.031190,0.026795,0.045320,0.032166,0.022889,0.027772,0.020478,0.047731,0.059450,0.047273,0.046785,0.057497,0.035584,0.046296,0.022400,0.017548,0.000000,0.039460,0.051637,0.028748,0.036561,0.025330,0.054597,0.009247,0.032655,0.035066,0.000977,0.051179,0.032624,0.012696,0.042878,0.009247,0.011200,0.047273,0.040437,0.031678,0.016571,0.016571,0.025819,0.035554,0.028748,0.015595,0.015107,0.057497,0.020966,0.019959,0.019013,0.020936,0.021943,0.031678,0.038972,0.031678,0.019471,0.039979,0.044831,0.061891,0.006317,0.014618,0.020478,0.020936,-0.010712,0.025819,0.030213,0.020936,0.041413,0.039979,0.043855,0.018982,-0.001953,0.028291,0.020936,0.017548,0.033112,0.039002,0.053590,0.017548,0.016083,0.046296,0.010712,0.047761,0.025819,0.008759,0.035096,0.008270,0.025330,0.010224,-0.000977,0.050691,0.020447,0.024384,0.065279,0.026337,0.024354,0.037507,0.035096,0.038972,0.055543,0.033631,0.016083,0.035096,0.005341,0.019013,-0.005371,0.020478,0.022889,0.025819,0.037507,0.043367,0.016571,0.028260,0.060426,0.037507,0.013642,0.039979,0.033631,0.022400,0.040925,0.028779,-0.011719,0.023408,0.040925,0.045808,0.037995,0.017060,0.037995,0.006348,0.016083,0.050172,0.042878,0.024384,0.026307,0.016541,0.033631,0.027283,0.061403,0.032655,0.032655,0.042390,0.027283,0.018982,0.028779,0.054079,0.030213,0.015595,0.028260,0.024354,0.032166,0.060426,0.051637,0.022919,0.051149,0.053132,0.032624,0.017548,0.027283,0.041413,0.032655,0.042878,0.020478,0.043367,0.009247,0.043855,0.032655,0.043855,0.040437,0.046785,0.031159,0.040467,0.007782,-0.003906,0.054567,0.036561,0.063356,0.017029,0.054597,0.030213,0.021912,0.042390,0.022919,0.011200,0.040925,0.032166,0.021912,0.036073,0.051637,0.047273,0.054079,0.039491,0.044343,0.035066,0.000977,0.029237,0.037019,0.056062,0.019959,0.028748,0.023408,0.030701,0.035554,0.016083,0.024842,0.017548,0.016053,0.020966,0.031678,0.022889,0.028748,0.031190,0.001465,0.027283,0.060915,0.037995,0.042390,0.031678,0.008301,0.021912,0.049226,0.046754,0.038514,0.042390,0.023865,0.060915,0.023408,0.067232,0.062380,0.042390,0.036073,0.043367,0.022889,0.056520,0.045320,0.028748,0.027772,0.032655,0.053102,0.039491,0.026307,0.050172,0.004395,0.016083,0.029694,0.011231,0.011689,0.033631,0.009735,0.038972,0.034608,0.020447,0.058473,0.044343,0.037538,0.040437,0.079928,0.038972,0.036561,0.067232,0.029237,0.025819,0.017060,0.018036,0.040925,0.011689,0.031678,0.037507,0.054079,0.039002,0.053102,0.015595,0.018525,0.049196,0.030213,0.058473,0.025849,0.024842,0.046785,0.021424,0.024354,0.028748,0.042878,0.022919,0.027283,0.035554,0.029237,0.071627,0.017060,0.059450,0.036561,0.029694,0.026337,0.024354,0.041413,0.052156,0.017518,0.021454,0.037995,0.021454,0.055543,0.048738,0.060426,0.039949,0.039949,0.036073,0.065767,0.022431,0.017548,0.041902,0.030701,0.035554,0.029725,0.045320,0.044343,0.036561,0.038972,0.038484,0.021943,0.015595,0.028260,0.005341,0.031678,0.032655,0.020447,0.042421,0.041902,0.032624,0.033143,0.066774,0.049684,0.020478,0.026795,0.051668,0.050660,0.013153,0.042390,0.027283,0.029237,0.051179,0.062837,0.057527,0.037019,0.033631,0.030213,0.004395,0.000946,0.038514,0.059450,0.023377,0.032655,0.029725,0.012665,0.024354,0.012665,0.055055,0.057039,0.043855,0.038484,0.027772,0.038484,0.016571,0.021943,0.015076,-0.002930,0.008301,0.027772,0.022400,0.020478,0.020447,0.014130,0.050203,0.031678,0.028748,0.027772,0.037507,0.045320,0.031190,0.051637,0.020478,0.018036,0.038484,0.030701,0.032655,0.028260,0.038972,0.059450,0.057985,0.049714,0.048219,0.041902,0.051668,0.024354,0.021424,0.036561,0.037019,0.017060,0.025330,0.014130,0.037538,0.027772,0.031190,0.059938,0.015076,0.027772,0.031190,0.057985,0.058473,0.016571,0.045320,0.068209,0.048738,0.019990,0.030671,0.039002,0.010224,0.026307,0.027283,0.010224,0.037019,0.055574,0.063326,0.045320,0.051179,0.070650,0.037538,0.038484,0.018036,0.030213,0.028260,0.026307,0.006317,0.020478,0.030213,0.004852,0.044343,0.055086,0.029237,0.039949,0.026795,0.038514,0.028748,0.054567,0.050203,0.053102,0.035096,0.053102,0.052125,0.012177,0.017548,0.038514,0.026795,0.042878,0.076509,0.029237,0.050691,0.034089,0.043855,0.044343,0.043855,0.044831,0.053621,0.037995,0.036561,0.049196,0.037049,0.033631,0.052614,0.057497,0.028260,0.028779,0.043855,0.041413,0.027283,0.061403,0.063326,0.030213,0.080904,0.061891,0.055055,0.031190,0.031678,0.031190,0.012177,0.044831,0.029237,0.035554,0.027283,0.039979,0.035554,0.031678,0.025819,0.035096,0.059938,0.047242,0.035584,0.044831,0.059450,0.039949,0.015595,0.000488,0.021912,0.042909,0.048707,0.046785,0.034608,0.018494,0.033631,0.038026,0.025330,0.020447,0.034120,0.037507,0.021454,0.078951,0.058473,0.040925,0.037507,0.028260,0.043367,0.050203,0.048707,0.037049,0.039949,0.038484,0.007813,0.046296,0.037019,0.030701,0.023865,0.069216,0.051637,0.031678,0.045320,0.050172,0.047273,0.043367,0.071138,0.034608,0.015595,0.041413,0.038026,0.014130,0.051637,0.065309,0.048707,0.036561,0.052125,0.029725,0.023896,0.064790,0.017548,0.054109,0.035066,0.031678,0.022431,0.029725,0.059450,0.031678,0.052125,0.075045,0.030213,0.018036,0.013153,0.021912,0.056520,0.057527,0.024354,0.049714,-0.016602,0.022919,-0.007813,0.005860,0.025330,0.023865,0.058961,0.032655,0.025819,0.050203,0.023865,0.035584,0.037507,0.032655,0.014130,0.015107,0.046296,0.057008,0.060915,0.053590,0.031678,0.025819,0.041902,0.058961,0.026795,0.019990,0.037507,0.037538,0.045320,0.036042,0.056520,0.032166,0.041902,0.035554,0.038514,0.053590,0.033631,0.040925,0.020478,0.023377,0.020478,0.037995,0.056062,0.030701,0.033112,0.041444,0.049684,0.034608,0.052644,0.044831,0.039949,0.025819,0.033143,0.060915,0.044831,0.061403,0.038972,0.033631,0.003418,0.045778,0.028291,0.033601,0.062868,0.068209,0.018525,0.041413,0.017548,0.023408,0.051637,0.042878,0.008270,0.014618,0.039979,0.021912,0.016571,0.052614,0.046296,0.072603,0.046296,0.042421,0.023865,0.037507,0.037049,0.057008,0.037019,0.034120,0.051637,0.029237,0.036561,0.016541,0.059938,0.047273,0.051179,0.034608,0.031648,0.072145,0.025330,0.013153,0.037507,0.054597,0.032136,0.081881,0.055543,0.055543,0.044831,0.064333,0.062380,0.049714,0.031159,0.025361,0.043855,0.056520,0.040437,0.043367,0.026795,0.040925,0.042390,0.048738,0.024354,0.057985,0.027283,0.024354,0.042909,0.048707,0.033631,0.049226,0.033143,0.025330,0.056032,0.075533,0.050203,0.068209,0.040925,0.022919,0.047242,0.032166,0.027283,0.049226,0.028748,0.042878,0.053102,0.034608,0.056520,0.068727,0.045320,0.029206,0.039491,0.046296,0.039949,0.029237,0.027283,0.048738,0.033112,0.050203,0.016571,0.031678,0.041413,0.053590,0.047273,0.078463,0.039949,0.056520,0.070680,0.018494,0.050691,0.049226,0.050660,0.084322,0.032624,0.040467,0.050172,0.037507,0.039491,0.024354,0.076021,0.023377,0.047273,0.021424,0.026826,0.022400,0.032655,0.032655,0.054079,0.034120,0.012665,0.049226,0.028260,0.025330,0.030213,0.030701,0.021912,0.030213,0.022431,0.043367,0.014588,0.028779,0.056032,0.049714,0.036530,0.017060,0.023377,0.044862,0.060915,0.075502,0.045808,0.038514,0.041413,0.040925,0.028748,0.011231,0.043367,0.015107,0.051149,0.053132,0.053102,0.070162,0.031678,0.028260,0.044343,0.032655,0.037019,0.052644,0.071627,0.057008,0.059450,0.070650,0.046296,0.036561,0.055543,0.093569,0.034608,0.056520,0.019959,0.034120,0.029725,0.052125,0.024872,0.027253,0.056550,0.068697,0.046296,0.058961,0.047273,0.028748,0.074068,0.075533,0.051179,0.047242,0.015595,0.023408,0.052614,0.026795,0.037538,0.019959,0.077974,0.038026,0.036530,0.070192,0.035554,0.046296,0.040925,0.034608,0.033631,0.029725,0.018006,0.052156,0.044343,0.037019,0.053621,0.037019,0.031678,0.038972,0.057008,0.015107,0.054567,0.054597,0.016541,0.060426,0.026795,0.054109,0.037507,0.062868,0.047273,0.024354,0.052125,0.054597,0.074556,0.034089,0.081881,0.046754,0.054597,0.070162,0.012665,0.043855,0.039979,0.067720,0.045808,0.062868,0.045778,0.044862,0.059938,0.048707,0.065798,0.057008,0.038484,0.065309,0.043855,0.043367,0.026795,0.054109,0.046754,0.070650,0.058504,0.030671,0.024872,0.054567,0.077486,0.085268,0.024842,0.030213,0.058961,0.049714,0.017548,0.053102,0.045808,0.040925,0.043367,0.007813,0.032136,0.032655,0.051179,0.051149,0.010224,0.032166,0.017060,0.031678,0.072115,0.027283,0.038514,0.041413,0.051637,0.037049,0.029237,0.000458,0.015595,0.028748,0.050203,0.055543,0.027283,0.053102,0.056550,0.057497,0.022889,0.039460,0.021454,0.055055,0.045320,0.046785,0.060915,0.019013,0.046266,0.036561,0.034120,0.056520,0.069673,0.026795,0.046296,0.047273,0.084810,0.052125,0.034608,0.043367,0.048219,0.058473,0.057985,0.041902,0.038026,0.033631,0.022400,0.052156,0.066255,0.057008,0.048250,0.041413,0.059938,0.037538,0.046296,0.068209,0.046785,0.055543,0.033143,0.048738,0.023865,0.030213,0.074068,0.074556,0.036561,0.048219,0.053621,0.022889,0.018525,0.025819,0.028260,0.025819,0.027772,0.018982,0.053621,0.019471,0.052644,0.032655,0.038972,0.034089,0.004883,0.031190,0.036042,0.030701,0.031678,0.031678,0.045808,0.059938,0.037995,0.059938,0.087710,0.069704,0.024842,0.051149,0.046785,0.038026,0.028260,0.027283,0.043855,0.014588,0.041444,0.047761,0.038972,0.039949,0.039979,0.039460,0.026307,0.031190,0.036530,0.031190,0.023408,0.056032,0.076021,0.069185,0.056062,0.071627,0.043855,0.043855,0.024354,0.056520,0.047761,0.029237,0.050172,0.062380,0.050203,0.056520,0.035096,0.034089,0.010254,0.021912,0.011689,0.015107,0.057985,0.051179,0.054567,0.023865,0.039491,0.040437,0.031678,0.054567,0.056520,0.105746,0.057497,0.044343,0.069216,0.058961,0.035066,0.058504,0.026795,0.060426,0.046754,0.055574,0.050172,0.042878,0.049226,0.058473,0.023896,0.037995,0.028260,0.046785,0.031190,0.028260,0.042390,0.035096,0.023865,0.030213,0.036561,0.042878,0.043367,0.060915,0.046785,0.068209,0.038972,0.035096,0.028260,0.037995,0.034120,0.084292,0.066286,0.022889,0.026826,0.023377,0.062868,0.028748,0.041902,0.019959,0.032166,0.034120,0.064302,0.057008,0.030213,0.030701,0.013153,0.037507,0.035096,0.053102,0.048250,0.026795,0.008759,0.069216,0.058473,0.048219,0.047761,0.039979,0.035066,0.035584,0.046296,0.024842,0.059450,0.046785,0.055543,0.026795,0.039979,0.028748,0.045320,0.064302,0.049714,0.025330,0.050203,0.034089,0.040437,0.034120,0.068727,0.059419,0.055574,0.065309,0.015076,0.044343,0.034120,0.027772,0.052125,0.050691,0.036561,0.010224,0.027283,0.039949,0.036561,0.012665,0.020936,0.045320,0.049226,0.014618,0.009247,0.037995,0.034120,0.005341,0.050691,0.020936,0.043367,0.076509,0.024872,0.051149,0.026307,0.018525,0.069673,0.116977,0.146671,0.133060,0.069673,-0.013642,-0.113559,-0.141330,-0.107699,-0.059450,0.111087,0.284126,0.409343,0.350869,0.093081,-0.117435,-0.472241,-0.639390,-0.584304,-0.139866,0.306526,0.845022,0.986872,0.997065,0.289497,-0.513654,-0.948388,-0.923485,-0.998072,-0.632584,0.789479,0.960565,0.997553,0.958123,0.950769,-0.786061,-0.955682,-0.965417,-0.902061,-0.998072,0.583328,0.997553,0.949853,0.982935,0.997584,-0.473675,-0.998103,-0.847952,-0.998072,-0.866019,-0.998072,-0.847006,-0.998072,-0.374277,0.997553,0.889915,0.997553,0.997584,0.997553,0.750995,-0.998072,-0.886466,-0.998072,-0.998072,-0.998072,-0.670610,0.997584,0.866477,0.997584,0.997553,0.997584,0.210058,-0.998072,-0.834341,-0.998072,-0.998072,-0.998072,0.268531,0.997553,0.934716,0.997553,0.997584,0.997584,-0.454205,-0.998072,-0.891838,-0.998072,-0.998072,-0.998072,0.271918,0.997553,0.835806,0.997553,0.997584,0.997584,0.501966,-0.998072,-0.915703,-0.952264,-0.998072,-0.998072,-0.998103,-0.010224,0.997553,0.895744,0.997553,0.997584,0.997584,0.997553,0.430827,-0.998072,-0.828482,-0.998072,-0.998072,-0.998072,-0.998072,-0.998103,0.596512,0.997553,0.926934,0.997553,0.997584,0.997584,0.997584,0.997553,-0.486829,-0.998072,-0.880637,-0.987330,-0.998072,-0.998103,-0.998072,-0.998072,-0.737842,0.997584,0.937157,0.997553,0.947412,0.997553,0.997584,0.997553,0.997584,0.997584,-0.575545,-0.998072,-0.883048,-0.991266,-0.919609,-0.998072,-0.998072,-0.998072,-0.998072,-0.998103,0.126712,0.997553,0.889915,0.997553,0.929833,0.997584,0.997553,0.997584,0.997584,0.997584,0.997553,0.945458,-0.934228,-0.916680,-0.974695,-0.914726,-0.975183,-0.914726,-0.998072,-0.998072,-0.998103,-0.998072,-0.998072,-0.998072,-0.998072,-0.010224,0.997553,0.885490,0.997584,0.938134,0.997553,0.956659,0.997553,0.997584,0.997553,0.997584,0.997584,0.997584,0.997553,0.997584,0.997584,0.997584,-0.366464,-0.998103,-0.869407,-0.995631,-0.908409,-0.972711,-0.923027,-0.961999,-0.931817,-0.952752,-0.952264,-0.998072,-0.998072,-0.998072,-0.998072,-0.998072,-0.998072,-0.998072,-0.998103,-0.998072,-0.998072,-0.998072,-0.998072,-0.998072,-0.998072,-0.998072,-0.998103,0.166203,0.997553,0.947869,0.997584,0.963952,0.997553,0.971277,0.992212,0.975153,0.989313,0.977106,0.986841,0.979059,0.985407,0.980036,0.983911,0.980524,0.983454,0.980982,0.982477,0.981501,0.982447,0.981501,0.981989,0.981501,0.981501,0.981470,0.981501,0.981012,0.981501,0.980982,0.981501,0.980524,0.981989,0.980524,0.981989,0.979547,0.982447,0.979059,0.982965,0.978571,0.983423,0.977594,0.982965,0.984400,0.915215,-0.575057,-0.998072,-0.998072,-0.998072,-0.998072,-0.998072,-0.998103,-0.998072,-0.998072,-0.998072,-0.998072,-0.998072,-0.998072,-0.998072,-0.998072,-0.998103,-0.998072,-0.918144,-0.969324,-0.919609,-0.973718,-0.911308,-0.985895,-0.892326,-0.998072,-0.840658,-0.998072,0.189061,0.997584,0.997553,0.997584,0.997584,0.997584,0.997553,0.997584,0.997584,0.997584,0.983454,0.969324,0.997553,0.944970,0.997553,0.895256,0.997553,-0.432750,-0.998072,-0.998072,-0.998072,-0.998072,-0.998072,-0.998103,-0.998072,-0.936181,-0.932763,-0.978082,-0.881126,-0.998072,-0.291420,0.997553,0.997584,0.997553,0.997584,0.997584,0.997584,0.997553,0.952783,0.997553,0.943963,0.997584,-0.801168,-0.998072,-0.998103,-0.998072,-0.998072,-0.998072,-0.869407,-0.998072,-0.848471,-0.998072,0.648149,0.997553,0.997584,0.997584,0.997584,0.989771,0.997584,0.904503,0.997553,-0.163731,-0.998072,-0.998072,-0.998072,-0.998072,-0.998072,-0.891349,-0.998072,-0.725665,0.997553,0.997584,0.997584,0.997584,0.997553,0.965936,0.997553,0.762684,-0.998072,-0.998072,-0.998072,-0.998072,-0.998072,-0.829458,-0.998072,0.327462,0.997584,0.997553,0.997584,0.997584,0.898185,0.997553,0.023408,-0.998072,-0.998103,-0.998072,-0.943963,-0.922051,-0.998072,0.532667,0.997553,0.997584,0.997553,0.832876,0.997584,0.254889,-0.998072,-0.998103,-0.998072,-0.858206,-0.998072,-0.344064,0.997553,0.997584,0.997584,0.888908,0.997553,0.045350,-0.998072,-0.998072,-0.998103,-0.840170,-0.998072,0.762196,0.997553,0.997584,0.997584,0.997553,0.443981,-0.998072,-0.998072,-0.998072,-0.862601,-0.998072,0.947869,0.997553,0.997584,0.960077,0.997553,-0.287513,-0.998072,-0.998103,-0.998072,-0.998072,-0.064821,0.997584,0.997553,0.997584,0.774891,-0.767567,-0.998072,0.118899,0.997553,0.997584,0.997584,0.997553,-0.834311,-0.951776,-0.998072,-0.998072,-0.998072,0.517561,0.997553,0.997584,0.997553,0.997584,0.294380,-0.998103,-0.923973,-0.998103,-0.998072,-0.998072,0.937157,0.929833,0.997553,0.997584,0.997584,0.179814,-0.998072,-0.883048,-0.998072,-0.998072,-0.998072,0.606247,0.997553,0.997584,0.997553,0.997584,0.997584,-0.849417,-0.936181,-0.998072,-0.998072,-0.998072,-0.998103,0.733936,0.997553,0.896232,0.997553,0.997584,0.997584,0.047761,-0.998072,-0.865500,-0.998103,-0.998072,-0.998072,-0.998072,0.449322,0.997553,0.919152,0.997553,0.997584,0.997584,0.997553,-0.056520,-0.998072,-0.844565,-0.998072,-0.998072,-0.998072,-0.998072,-0.926445,0.983454,0.946404,0.997553,0.997584,0.997584,0.997584,0.997553,0.946435,-0.849905,-0.983484,-0.908379,-0.998103,-0.998072,-0.998072,-0.998072,-0.998072,-0.136936,0.997553,0.898674,0.997553,0.982477,0.997553,0.997584,0.997584,0.997553,0.798268,-0.998072,-0.891838,-0.987818,-0.908409,-0.998072,-0.998072,-0.998072,-0.998103,-0.998072,-0.998072,0.595535,0.997553,0.933251,0.997553,0.954736,0.997553,0.997584,0.997553,0.997584,0.997584,0.997584,0.566298,-0.998072,-0.859671,-0.998103,-0.896202,-0.987360,-0.922997,-0.998072,-0.998103,-0.998072,-0.998072,-0.998072,-0.998072,-0.998072,0.257788,0.997553,0.902092,0.997553,0.948358,0.997584,0.967859,0.993647,0.997584,0.997553,0.997584,0.997584,0.997584,0.997553,0.997584,0.997584,0.997584,0.402049,-0.998072,-0.852347,-0.998072,-0.898674,-0.983942,-0.915703,-0.971765,-0.923973,-0.966882,-0.922539,-0.998072,-0.998103,-0.998072,-0.998072,-0.998072,-0.998072,-0.998072,-0.998072,-0.998072,-0.998072,-0.998103,-0.998072,-0.998072,-0.998072,-0.998072,-0.998072,-0.998072,-0.998072,-0.735889,0.741230,0.974176,0.995600,0.971765,0.992212,0.975153,0.989313,0.977106,0.986841,0.979059,0.985407,0.980036,0.984400,0.980524,0.983454,0.981012,0.982935,0.981012,0.982965,0.980982,0.982965,0.980524,0.982965,0.980036,0.983423,0.979547,0.983942,0.978571,0.984888,0.976618,0.986872,0.974176,0.990259,0.969324,0.997553,0.953729,0.997553,0.703234,-0.799703,-0.998072,-0.998072,-0.998103,-0.998072,-0.998072,-0.998072,-0.998072,-0.998072,-0.998072,-0.998072,-0.998103,-0.998072,-0.998072,-0.998072,-0.998072,-0.998072,-0.998072,-0.998072,-0.917687,-0.968835,-0.921532,-0.971765,-0.915215,-0.982477,-0.898674,-0.998072,-0.852835,-0.998072,-0.148167,0.997553,0.997584,0.997584,0.997584,0.997553,0.997584,0.997584,0.997584,0.997553,0.997584,0.982477,0.977106,0.987848,0.976129,0.985865,0.988337,0.889854,-0.998072,-0.998072,-0.998072,-0.998072,-0.998072,-0.998072,-0.998103,-0.998072,-0.956628,-0.917168,-0.993220,-0.867942,-0.998072,-0.209081,0.997553,0.997584,0.997584,0.997553,0.997584,0.997584,0.997584,0.941552,0.997553,0.916680,0.997553,-0.626206,-0.998072,-0.998072,-0.998072,-0.998072,-0.998103,-0.851859,-0.998072,-0.814840,-0.998072,0.230505,0.997553,0.997584,0.997584,0.997553,0.997584,0.992212,0.933770,0.997553,0.456646,-0.998072,-0.998072,-0.998072,-0.998103,-0.998072,-0.951776,-0.903526,-0.998072,0.422527,0.997553,0.997584,0.997584,0.997553,0.997584,0.867484,0.997553,-0.453716,-0.998072,-0.998072,-0.998072,-0.998072,-0.905968,-0.998072,-0.556563,0.997584,0.997553,0.997584,0.997584,0.959100,0.997553,0.801198,-0.998103,-0.998072,-0.998072,-0.998072,-0.853323,-0.998072,-0.413768,0.997553,0.997584,0.997584,0.997553,0.945458,0.997553,-0.603317,-0.998072,-0.998072,-0.998072,-0.809469,-0.998072,0.483899,0.997584,0.997553,0.997584,0.878684,0.997553,-0.786549,-0.998072,-0.998072,-0.998072,-0.986872,-0.566787,0.997584,0.997553,0.997584,0.904991,0.997584,-0.603805,-0.998072,-0.998072,-0.998072,-0.998072,-0.081392,0.997553,0.997584,0.997553,0.997584,0.490766,-0.998072,-0.998072,-0.998072,-0.998103,-0.383524,0.997553,0.997584,0.997584,0.997553,-0.578445,-0.998072,-0.989802,-0.998072,0.050203,0.997553,0.997584,0.997553,0.997584,-0.794362,-0.998072,-0.998072,-0.998072,-0.916680,0.932274,0.997553,0.997584,0.997584,0.997553,-0.699786,-0.998072,-0.998072,-0.998072,-0.998103,0.092593,0.997584,0.997553,0.997584,0.997584,0.997584,-0.992701,-0.855765,-0.998072,-0.998103,-0.998072,-0.206151,0.997584,0.848959,0.997553,0.997584,0.997553,-0.054079,-0.998072,-0.801198,-0.998072,-0.998072,-0.998072,-0.162785,0.997584,0.863547,0.997584,0.997553,0.997584,0.997584,-0.763172,-0.998072,-0.879173,-0.998072,-0.998072,-0.998072,-0.713946,0.997553,0.940575,0.997553,0.997584,0.997553,0.997584,0.997584,-0.873801,-0.934228,-0.965417,-0.991724,-0.998072,-0.998072,-0.998103,-0.155460,0.997553,0.863578,0.997553,0.997584,0.997584,0.997584,0.997553,0.291939,-0.998072,-0.895713,-0.956659,-0.998072,-0.998072,-0.998072,-0.998072,-0.998103,0.455669,0.997553,0.933770,0.992670,0.997584,0.997584,0.997584,0.997553,0.997584,0.340157,-0.998072,-0.828482,-0.998072,-0.866965,-0.998072,-0.998072,-0.998072,-0.998072,-0.998103,-0.961023,0.898155,0.990259,0.985407,0.977594,0.982447,0.997584,0.997553,0.997584,0.997584,0.997584,0.997553,0.433757,-0.998072,-0.851401,-0.998072,-0.891838,-0.992701,-0.916222,-0.998072,-0.998072,-0.998072,-0.998072,-0.998072,-0.998072,-0.998072,0.025819,0.997553,0.887443,0.997584,0.937157,0.997553,0.958612,0.993159,0.997584,0.997584,0.997584,0.997553,0.997584,0.997584,0.997584,0.997553,0.997584,0.997584,-0.449810,-0.998072,-0.882560,-0.990290,-0.915215,-0.971765,-0.926415,-0.963983,-0.931298,-0.961511,-0.929345,-0.988825,-0.998072,-0.998072,-0.998072,-0.998072,-0.998072,-0.998072,-0.998103,-0.998072,-0.998072,-0.998072,-0.998072,-0.998072,-0.998072,-0.998072,-0.998103,-0.998072,-0.998072,-0.998072,-0.998072,-0.716388,0.565291,0.959100,0.997553,0.970300,0.993647,0.974695,0.990259,0.977106,0.988306,0.979059,0.986872,0.980036,0.985865,0.980524,0.985407,0.980524,0.985376,0.980036,0.985895,0.979029,0.986383,0.977594,0.988306,0.975153,0.991266,0.970270,0.997553,0.955682,0.997553,0.087252,-0.969324,-0.998072,-0.998072,-0.998072,-0.998072,-0.998072,-0.998072,-0.998072,-0.998072,-0.998103,-0.998072,-0.998072,-0.998072,-0.998072,-0.998072,-0.998072,-0.998072,-0.998103,-0.998072,-0.998072,-0.998072,-0.935693,-0.947869,-0.947381,-0.941064,-0.952752,-0.935204,-0.959588,-0.926903,-0.970300,-0.911827,-0.975641,0.841147,0.997553,0.997584,0.997553,0.997584,0.997584,0.997584,0.997553,0.997584,0.997584,0.994654,0.979059,0.990259,0.972711,0.997584,0.954217,0.997553,0.708605,-0.998103,-0.998072,-0.998072,-0.998072,-0.998072,-0.998072,-0.998072,-0.997584,-0.955682,-0.921563,-0.983454,-0.884513,-0.998072,-0.424968,0.997553,0.997584,0.997584,0.997553,0.997584,0.997584,0.997584,0.923516,0.997553,0.879661,0.997553,-0.178838,-0.998072,-0.998103,-0.998072,-0.998072,-0.998072,-0.883537,-0.998072,-0.855307,-0.998072,-0.412761,0.997553,0.997584,0.997553,0.997584,0.997584,0.948846,0.997553,0.966913,0.955652,-0.886466,-0.998072,-0.998072,-0.998072,-0.998103,-0.983911,-0.873801,-0.998072,-0.273414,0.997553,0.997584,0.997584,0.997584,0.997553,0.905479,0.997584,0.419597,-0.998072,-0.998072,-0.998072,-0.998103,-0.998072,-0.833822,-0.998072,0.515577,0.997584,0.997553,0.997584,0.997584,0.895256,0.997553,-0.129123,-0.998103,-0.998072,-0.998072,-0.946404,-0.921563,-0.998072,0.534590,0.997584,0.997553,0.997584,0.843588,0.997553,0.413768,-0.998072,-0.998072,-0.998072,-0.903526,-0.998072,-0.707629,0.997553,0.997584,0.997584,0.952752,0.997553,0.554610,-0.998072,-0.998103,-0.998072,-0.830893,-0.998103,0.269019,0.997553,0.997584,0.997584,0.975153,0.795339,-0.998072,-0.998072,-0.998072,-0.964441,-0.998103,0.757801,0.997584,0.997553,0.997584,0.997584,-0.390360,-0.998072,-0.998072,-0.998072,-0.998072,0.516096,0.997553,0.997584,0.997553,0.821676,-0.995631,-0.998072,-0.998103,-0.998072,-0.359170,0.997553,0.997584,0.997584,0.997584,-0.106723,-0.998072,-0.998072,-0.998072,-0.998103,0.249518,0.997553,0.997584,0.997584,0.997584,0.089175,-0.998072,-0.998072,-0.998072,-0.998072,-0.733936,0.997553,0.895744,0.997553,0.997584,0.997584,-0.467358,-0.998072,-0.981989,-0.998072,-0.998072,-0.908409,0.997553,0.911339,0.997553,0.997584,0.997584,0.675463,-0.998072,-0.857718,-0.998072,-0.998072,-0.998103,-0.933251,0.842612,0.997553,0.914757,0.997553,0.997584,0.997584,0.046296,-0.998072,-0.871848,-0.998072,-0.998072,-0.998103,-0.998072,0.264136,0.997584,0.904503,0.997553,0.997584,0.997553,0.997584,0.121860,-0.998072,-0.831900,-0.998072,-0.998072,-0.998072,-0.998072,-0.998072,0.741230,0.997553,0.949334,0.997584,0.997553,0.997584,0.997584,0.997584,-0.501966,-0.998072,-0.888908,-0.978571,-0.998072,-0.998103,-0.998072,-0.998072,-0.839682,0.994166,0.948846,0.997553,0.935204,0.997584,0.997553,0.997584,0.997584,0.997584,-0.231970,-0.998072,-0.841147,-0.998072,-0.871390,-0.998072,-0.998072,-0.998072,-0.998072,-0.998072,-0.552168,0.997553,0.906486,0.997553,0.938622,0.997553,0.997584,0.997584,0.997584,0.997553,0.997584,0.997584,0.214422,-0.998072,-0.843588,-0.998072,-0.888420,-0.996607,-0.908409,-0.998072,-0.998072,-0.998072,-0.998103,-0.998072,-0.998072,-0.998072,-0.241736,0.997584,0.889396,0.997553,0.937646,0.997553,0.957635,0.997553,0.997584,0.997584,0.997584,0.997553,0.997584,0.997584,0.997584,0.997553,0.997584,0.997584,0.427898,-0.998072,-0.860160,-0.998072,-0.904503,-0.979578,-0.921074,-0.967371,-0.930321,-0.959588,-0.937157,-0.951287,-0.960534,-0.998072,-0.998103,-0.998072,-0.998072,-0.998072,-0.998072,-0.998072,-0.998072,-0.998072,-0.998072,-0.998103,-0.998072,-0.998072,-0.998072,-0.998072,-0.998072,-0.998072,-0.998072,-0.998103,-0.998072,-0.998072,-0.998072,-0.998072,-0.388895,0.214422,0.719806,0.989283,0.977106,0.991724,0.980524,0.989283,0.981989,0.987848,0.982935,0.986872,0.983911,0.985895,0.984888,0.983454,0.990748,0.946893,0.271430,-0.288978,-0.964929,-0.998072,-0.998072,-0.998072,-0.998072,-0.998103,-0.998072,-0.998072,-0.998072,-0.998072,-0.998072,-0.998072,-0.998072,-0.998103,-0.998072,-0.998072,-0.998072,-0.998072,-0.998072,-0.998072,-0.998072,-0.998072,-0.998103,-0.987818,-0.940575,-0.940545,-0.952752,-0.932305,-0.961023,-0.923027,-0.972253,-0.906914,-0.995631,-0.866019,-0.998072,-0.308968,0.997553,0.997584,0.997553,0.997584,0.997584,0.997584,0.997553,0.997584,0.997584,0.997584,0.995112,0.971765,0.997553,0.960565,0.997553,0.933282,0.997553,0.574081,-0.998072,-0.998072,-0.998072,-0.998072,-0.998072,-0.998072,-0.998072,-0.998072,-0.947412,-0.930810,-0.966882,-0.907433,-0.998072,-0.629166,0.997553,0.997584,0.997584,0.997584,0.997553,0.997584,0.997584,0.926934,0.997553,0.891349,0.997553,0.277320,-0.998072,-0.998103,-0.998072,-0.998072,-0.998072,-0.973200,-0.937157,-0.954217,-0.933770,-0.914726,0.956628,0.997553,0.997584,0.997584,0.997584,0.963464,0.997553,0.892814,0.997553,-0.125705,-0.998072,-0.998072,-0.998072,-0.998103,-0.988306,-0.927422,-0.946404,-0.950311,0.775837,0.997553,0.997584,0.997553,0.997584,0.997584,0.899132,0.997584,-0.600876,-0.998072,-0.998103,-0.998072,-0.993677,-0.905479,-0.998072,-0.567763,0.997584,0.997553,0.997584,0.997584,0.960565,0.997553,0.794850,-0.998072,-0.998072,-0.998072,-0.998072,-0.857718,-0.998103,-0.467358,0.997584,0.997553,0.997584,0.997584,0.922539,0.997553,-0.432750,-0.998072,-0.998072,-0.998072,-0.793385,-0.998072,0.003388,0.997584,0.997553,0.997584,0.845541,0.997553,-0.170537,-0.998072,-0.998072,-0.998103,-0.829428,-0.998103,0.944970,0.997553,0.997584,0.983942,0.997553,0.111117,-0.998072,-0.998072,-0.998072,-0.998103,-0.678850,0.997553,0.997584,0.997584,0.997553,0.879173,-0.977594,-0.998072,-0.998072,-0.998072,-0.806569,0.997584,0.997553,0.997584,0.997584,0.655961,-0.998072,-0.998072,-0.998072,-0.998072,-0.513654,0.997553,0.997584,0.997553,0.997584,0.382090,-0.998072,-0.998072,-0.998103,-0.998072,-0.390360,0.997584,0.997553,0.997584,0.997584,0.770008,-0.998072,-0.937646,-0.998072,-0.998072,-0.998072,0.792409,0.968317,0.997553,0.997584,0.997584,0.331399,-0.998072,-0.801686,-0.998072,-0.998072,-0.998072,0.407878,0.997584,0.902550,0.997553,0.997584,0.997584,-0.462963,-0.998072,-0.829946,-0.998072,-0.998072,-0.998072,-0.033631,0.997553,0.860160,0.997553,0.997584,0.997584,0.997584,-0.787038,-0.998072,-0.891349,-0.998072,-0.998103,-0.998072,-0.799214,0.997553,0.956170,0.997553,0.997584,0.997584,0.997553,0.997584,-0.784108
0.020478,0.000000,0.000000,0.000000,0.000000,0.000000,0.000000,0.000000,0.000000,0.000000,0.000000,0.021424,0.018525,0.015595,0.019501,0.022400,0.019990,0.016053,0.028748,0.029725,0.019990,0.020936,0.023896,0.022400,0.015107,0.021943,0.014130,0.021912,0.017548,0.018525,0.015595,0.016083,0.021912,0.023377,0.018525,0.016571,0.019959,0.017548,0.028748,0.018525,0.016083,0.017029,0.020478,0.021943,0.013611,0.014161,0.023377,0.020936,0.019013,0.019013,0.023865,0.020966,0.016053,0.017548,0.017548,0.023896,0.020936,0.021912,0.016571,0.019501,0.020936,0.021943,0.018006,0.016571,0.019471,0.020966,0.015595,0.016541,0.018525,0.016083,0.021424,0.022889,0.017548,0.021943,0.016053,0.012177,0.017548,0.017548,0.021454,0.016053,0.024354,0.018525,0.018525,0.020936,0.029237,0.021424,0.025361,0.021912,0.018525,0.017060,0.022400,0.028260,0.020966,0.013153,0.018006,0.001953,0.005341,0.006348,0.016083,0.003876,0.014618,0.006317,0.018525,0.001465,-0.034608,-0.025361,-0.008759,-0.000488,-0.004395,-0.027314,-0.011689,0.011689,-0.002441,-0.019013,-0.024872,0.004883,-0.028291,-0.014618,-0.006806,-0.010254,-0.014130,0.002930,-0.015107,-0.010254,-0.007324,-0.007782,-0.010742,-0.015595,-0.009766,-0.030701,0.021454,-0.013642,0.000458,0.020478,-0.022919,0.000488,-0.026795,0.025819,0.018006,0.001953,-0.010254,-0.010712,-0.013642,-0.003418,-0.018036,-0.043367,-0.007324,0.002441,0.011200,0.002930,-0.007813,0.008270,-0.027772,-0.017548,0.002411,0.005860,-0.003906,-0.007813,-0.009247,-0.017579,-0.001465,0.002930,0.023377,-0.008759,0.019013,-0.006836,-0.003906,-0.011689,-0.014161,-0.008270,0.012665,-0.009735,-0.024384,-0.023896,0.004883,-0.015107,-0.025361,-0.020966,-0.014130,-0.004395,-0.018525,-0.010712,-0.019013,-0.014649,0.003418,-0.007813,0.004395,0.002930,-0.005860,0.004852,-0.026795,-0.014618,0.001434,-0.034089,-0.010254,-0.015595,-0.018036,-0.006836,-0.012665,-0.011689,-0.042421,-0.026307,-0.030244,0.012696,0.028748,0.005341,0.010224,-0.005371,-0.021424,-0.025361,-0.009247,-0.027802,-0.027283,0.003388,-0.015107,-0.013642,-0.022919,-0.028260,-0.001953,-0.004883,-0.007294,-0.005860,-0.017548,-0.010742,0.004395,-0.013153,-0.014618,-0.014161,-0.017548,-0.014130,-0.006348,0.015595,0.018006,-0.005341,-0.003906,0.024842,-0.013642,-0.010742,-0.020966,-0.021912,-0.015625,-0.008759,-0.023896,-0.027772,-0.023408,0.001953,0.011200,0.001953,-0.018525,0.002411,-0.009247,-0.026826,0.002930,0.005860,0.003388,-0.015107,0.004395,0.007782,-0.003906,0.009247,0.006348,-0.003906,0.003418,0.009735,-0.002930,0.010224,-0.007324,-0.020966,0.018525,0.025330,0.000977,-0.010712,-0.015107,-0.008789,0.024354,-0.005860,-0.001953,-0.007782,0.005829,0.016571,-0.006348,-0.006836,0.004883,-0.005371,-0.007813,-0.016571,-0.016571,-0.035584,0.014618,-0.011200,0.002441,0.009735,-0.011719,-0.002441,-0.001465,0.006836,-0.006348,0.023865,-0.021454,-0.015595,0.003906,-0.004883,-0.028260,-0.007813,0.015107,-0.002441,-0.001953,-0.017060,-0.005371,-0.001465,-0.009766,0.002441,-0.021454,-0.019013,-0.001953,0.000488,0.002930,-0.009278,0.020966,0.000946,-0.000488,-0.019471,-0.024384,0.005860,-0.018036,-0.017579,0.010254,0.019471,-0.033143,-0.018036,-0.008270,0.000946,-0.002441,-0.023377,0.017548,-0.002441,0.018982,0.011231,-0.003906,-0.018036,-0.006836,-0.005860,0.003418,-0.007813,-0.032166,0.000488,-0.004395,0.024842,-0.000488,0.004883,-0.011231,-0.020478,-0.000488,-0.002441,-0.021943,-0.001465,-0.006806,-0.016571,0.000946,0.008301,-0.014618,-0.006836,-0.005371,0.004395,-0.013153,0.001434,-0.024842,-0.011689,-0.017090,-0.002441,-0.024354,0.003906,-0.014161,-0.017060,-0.006836,-0.021912,-0.031709,0.003418,-0.026307,0.005341,-0.031190,-0.011689,-0.005371,-0.010254,-0.020936,-0.022431,-0.012696,-0.031190,0.002441,0.009247,-0.011689,0.029725,0.017548,0.005341,0.000000,-0.004395,0.001953,-0.004395,-0.003418,0.006317,0.007324,0.018982,0.012696,0.006317,-0.015595,-0.013153,0.013642,-0.018036,0.004364,-0.017548,0.013642,0.025819,-0.022889,-0.022431,0.007782,0.017060,0.003418,-0.005860,-0.000488,-0.001465,-0.008789,-0.017548,-0.004883,-0.021943,0.017060,-0.025819,-0.017060,-0.021943,0.011200,0.004395,-0.011200,-0.006348,-0.025849,-0.012177,-0.001465,-0.025361,-0.011689,-0.031190,-0.007813,-0.031190,-0.022431,-0.010742,-0.007294,-0.015625,-0.019959,0.002411,-0.013153,-0.000977,-0.005860,-0.019990,-0.025819,-0.030213,-0.004883,-0.004395,-0.018525,0.000000,-0.027772,-0.005860,-0.026826,-0.000488,-0.034120,-0.016083,-0.022889,-0.019013,-0.015595,-0.024384,-0.025819,-0.007813,-0.042909,-0.044831,-0.045320,-0.033631,-0.033143,-0.020966,-0.005371,-0.001953,-0.021424,-0.006348,-0.012207,-0.038972,-0.006836,-0.013153,-0.027772,-0.003906,-0.030244,-0.011200,-0.036561,-0.011689,0.008270,-0.027283,-0.029237,-0.021943,-0.036561,-0.024384,-0.001465,0.011689,-0.011689,0.003906,-0.028779,-0.006836,-0.002441,-0.029725,-0.020936,0.003876,-0.017548,0.003388,-0.037507,-0.019013,-0.005371,0.021424,0.018036,-0.006348,0.006348,0.026307,0.006317,-0.001953,-0.007782,0.000458,-0.014130,-0.024842,-0.020478,0.000458,-0.010712,-0.015595,-0.000488,-0.002930,0.001923,-0.003906,-0.013642,-0.026307,-0.002441,-0.005371,0.001465,0.005829,-0.025330,-0.004883,-0.014130,-0.007813,-0.019013,-0.038514,-0.035584,-0.012177,-0.021943,0.004883,-0.015625,-0.001465,-0.011689,0.007294,-0.022889,-0.024384,-0.028260,-0.000977,-0.027314,-0.058961,-0.007813,0.002441,0.005829,-0.003418,-0.009735,-0.006348,-0.007813,-0.032655,-0.029725,-0.026795,0.007782,-0.004395,-0.028260,-0.032655,0.000977,-0.022431,-0.002441,-0.003906,-0.011719,-0.016571,-0.020478,-0.022400,-0.017060,-0.021943,-0.002930,-0.008301,-0.022431,-0.008759,-0.006348,-0.023896,-0.042390,-0.027802,-0.008270,-0.036073,-0.008270,-0.020966,-0.007324,-0.003906,0.009735,-0.004852,0.000946,-0.018494,-0.003906,-0.012207,-0.041902,-0.009278,-0.003906,0.000488,-0.019013,-0.019990,-0.005860,-0.002930,-0.003388,-0.012696,-0.000977,-0.021943,-0.004395,-0.016571,-0.037019,-0.008301,-0.016571,-0.018036,-0.030213,-0.019501,0.014618,0.015595,-0.024384,-0.020966,-0.046296,-0.044343,-0.028779,-0.021912,0.002411,-0.013642,-0.033143,-0.011231,-0.004852,-0.034608,-0.036561,-0.007324,-0.007324,-0.013153,-0.039460,-0.018036,-0.008301,-0.017548,-0.014618,-0.008789,-0.023865,0.000000,-0.017579,-0.017060,-0.018525,-0.026307,-0.030701,-0.006836,0.019501,-0.011231,-0.007782,-0.007324,-0.024354,0.002899,-0.023865,0.004364,-0.037538,-0.025330,-0.014130,-0.006836,-0.023896,-0.010712,-0.008789,-0.024354,-0.006836,0.002441,-0.005371,0.016571,0.012177,-0.013184,-0.035554,-0.004395,-0.016083,-0.027283,-0.005860,-0.020478,0.021424,-0.006806,-0.040467,-0.021943,-0.012665,-0.001953,-0.001465,-0.014618,-0.006836,-0.016083,-0.009278,-0.041902,-0.010712,-0.014649,-0.004395,-0.040437,-0.018525,0.016571,-0.029237,0.002411,-0.039460,-0.006348,0.006806,-0.010712,-0.027314,-0.026795,-0.020966,-0.003418,0.020478,-0.022919,-0.012665,-0.012207,0.002441,0.010224,-0.026795,0.013153,-0.022919,-0.005371,-0.038484,-0.027314,-0.033143,-0.052644,-0.014618,-0.047273,-0.034120,-0.016571,-0.019501,-0.036042,-0.022919,-0.011231,-0.009735,-0.021454,-0.004852,-0.042421,-0.017060,0.001465,-0.002441,-0.000977,-0.014618,-0.009278,-0.034120,-0.009735,-0.029237,-0.010742,-0.025819,-0.010742,-0.015595,-0.018036,0.013642,-0.032166,-0.029725,-0.024872,-0.007782,-0.012207,-0.021943,-0.018036,-0.020447,-0.020966,-0.033631,-0.013153,-0.017090,-0.037019,-0.048250,0.001465,-0.005860,-0.037049,-0.019501,-0.032655,-0.018494,-0.032166,-0.011719,-0.019501,-0.015595,0.012177,-0.019990,-0.009735,-0.010224,-0.020966,-0.003418,-0.037538,-0.027772,-0.017548,-0.003418,-0.003418,-0.028748,-0.027283,-0.010254,-0.021943,-0.027283,-0.022431,-0.023865,-0.011719,0.003418,-0.023408,-0.009735,-0.034608,-0.026826,-0.026795,0.001465,-0.031220,-0.022400,-0.034120,-0.009278,-0.016083,-0.019013,-0.010224,-0.020478,-0.020966,-0.031190,-0.020478,-0.040467,-0.036530,-0.044374,-0.018525,-0.043367,-0.005860,-0.014618,-0.027772,-0.010254,0.001953,-0.028260,-0.039491,-0.022431,-0.010224,-0.036073,-0.008789,-0.003906,-0.021424,0.005341,-0.006836,-0.012665,-0.024872,-0.012665,-0.009735,0.007294,-0.019501,-0.014618,-0.043855,-0.017548,-0.008301,-0.000977,-0.008789,-0.017548,0.000488,-0.006348,0.009735,-0.018036,-0.001953,-0.002441,-0.011200,-0.020966,-0.010224,-0.005371,-0.020478,-0.039460,-0.032166,-0.016083,-0.018036,0.004852,0.002441,0.004395,-0.020966,0.000488,-0.021454,-0.008301,-0.017548,-0.037507,-0.013672,-0.037507,-0.039979,-0.033631,-0.026826,-0.036073,-0.003388,-0.013672,-0.033143,-0.027283,0.002930,0.012665,-0.008789,-0.000977,-0.012665,-0.067262,-0.038514,-0.012665,-0.017579,-0.025819,-0.020478,0.010712,-0.038514,-0.012177,-0.020966,-0.035096,-0.019959,-0.007324,-0.020478,-0.049714,-0.014161,-0.042878,-0.035584,-0.020936,-0.033662,-0.028748,-0.014130,-0.038514,-0.008270,0.004852,-0.011200,-0.029237,-0.031220,-0.023377,0.000488,-0.016602,-0.031190,-0.046296,-0.027283,-0.003906,0.013153,0.010712,-0.005860,-0.029237,-0.035096,-0.021943,-0.004395,-0.020478,-0.036042,-0.020478,-0.018525,-0.026826,-0.026307,-0.022919,-0.024354,0.000000,-0.023896,-0.023408,-0.018036,-0.025330,-0.003906,0.000488,-0.018036,-0.017548,-0.013184,-0.015595,-0.014618,-0.020478,-0.021454,-0.041413,-0.011719,-0.004852,-0.012207,-0.007294,-0.020478,-0.031190,-0.047303,0.006348,-0.000488,-0.030701,-0.030213,-0.018525,-0.002441,-0.022431,-0.032166,-0.036073,-0.010224,-0.022431,-0.011719,-0.030701,-0.011200,-0.038514,0.001465,0.003418,-0.017090,-0.021912,-0.012696,-0.019013,-0.030701,-0.035096,0.010712,-0.020936,-0.015625,-0.039949,-0.005860,-0.023896,-0.032655,-0.021454,-0.031678,-0.009735,-0.021943,0.004395,-0.018036,-0.007324,-0.022431,-0.045320,-0.013153,-0.025849,-0.008759,-0.012207,-0.013642,-0.013153,-0.015107,0.002930,-0.016083,-0.029267,-0.020936,-0.013672,-0.020447,-0.019013,-0.025849,-0.003906,-0.012177,-0.016083,-0.028260,-0.019013,-0.033662,-0.028260,-0.006348,-0.012665,-0.048738,-0.019501,-0.039002,-0.021912,-0.015137,-0.003906,0.011719,-0.015625,-0.023377,-0.010742,-0.000977,-0.014130,-0.027802,-0.009735,-0.030213,-0.025849,0.007324,-0.019013,-0.008789,-0.024872,-0.017548,-0.025330,0.014618,-0.033662,-0.019959,-0.019501,-0.025849,-0.011200,-0.024872,-0.007813,-0.029725,-0.022431,-0.031678,-0.004395,-0.021943,-0.032655,-0.015107,-0.022889,-0.040467,-0.010712,-0.030701,-0.026337,-0.034120,-0.042390,-0.006836,-0.035584,-0.012665,-0.023896,-0.001953,-0.010224,-0.027772,-0.007324,-0.042909,0.013153,0.006836,-0.038514,-0.020478,-0.033631,-0.046296,0.004852,-0.023377,-0.035096,0.005341,-0.012177,-0.005371,-0.000488,-0.002930,-0.019013,-0.004883,-0.021943,-0.028748,-0.007813,-0.012177,-0.001953,-0.004883,-0.006348,-0.014130,-0.021943,-0.031678,-0.002930,-0.030701,-0.022431,-0.039002,0.004395,-0.019501,-0.042390,-0.035584,-0.024872,-0.007782,-0.029267,-0.017548,-0.023896,-0.021912,-0.022919,-0.014618,-0.023896,-0.037507,-0.017090,-0.046785,-0.012665,0.028748,0.013153,-0.011200,-0.005371,-0.025361,-0.029725,-0.026795,-0.025361,-0.036073,-0.019990,-0.014618,-0.015595,-0.012177,-0.001953,-0.003906,0.006806,-0.006348,0.008759,-0.021424,-0.010742,-0.020478,-0.018036,-0.014618,0.001953,-0.019990,-0.021454,-0.013153,-0.007324,-0.019471,0.018982,-0.011689,-0.027283,-0.021454,-0.021454,-0.010712,-0.029237,-0.041932,-0.016083,-0.017060,-0.030701,-0.028260,-0.015107,-0.034120,-0.041444,-0.001465,0.001953,-0.013184,-0.025330,-0.002930,-0.015107,0.002899,0.006836,-0.023408,-0.023896,-0.008270,-0.001495,-0.008270,-0.011689,-0.032166,-0.011231,-0.022889,-0.010742,-0.030213,-0.019013,-0.021454,-0.021943,-0.019959,-0.024384,-0.028260,-0.010254,-0.025819,-0.017060,-0.019013,-0.035584,-0.032166,-0.003418,-0.017548,-0.003906,-0.001465,-0.046296,-0.029267,-0.013153,-0.014130,-0.010254,-0.021912,-0.035584,-0.017060,-0.022919,-0.006348,-0.010712,-0.025849,-0.001923,-0.021943,-0.016083,-0.053132,-0.007813,-0.019471,-0.019990,-0.025361,0.018036,-0.043885,-0.025330,-0.011200,0.004364,-0.045808,-0.021943,-0.015107,-0.026307,-0.002930,0.005829,-0.016083,-0.032166,-0.029237,-0.018036,-0.033143,-0.040956,-0.010712,-0.025361,-0.005860,-0.047273,-0.027772,-0.015595,-0.016083,-0.015107,-0.045320,-0.019013,-0.015137,-0.010224,-0.025361,-0.025330,-0.040956,-0.013642,-0.015107,-0.021943,-0.025819,0.003876,-0.030213,-0.000488,-0.011231,-0.004395,-0.008759,-0.025849,-0.014618,0.000977,0.003906,-0.024384,-0.011200,-0.011719,-0.016571,-0.015595,-0.019013,0.003388,0.005860,-0.003906,-0.021943,-0.034608,-0.019990,-0.033631,-0.029725,0.005371,-0.019043,-0.014618,-0.011689,-0.047761,-0.019013,-0.001465,0.000000,-0.008789,-0.019990,-0.000977,-0.019990,-0.018036,-0.026307,-0.028260,-0.007813,-0.037049,-0.017548,-0.018525,-0.004395,-0.011200,-0.026826,-0.021943,-0.019471,-0.016571,-0.023408,-0.019501,-0.013642,-0.024872,-0.029725,-0.022431,-0.044831,-0.013153,-0.031190,-0.021454,-0.023408,-0.007813,-0.015107,0.009735,-0.027283,-0.046296,-0.024872,-0.004395,-0.018036,-0.005829,-0.012696,-0.041444,-0.026795,-0.031190,-0.021943,-0.036561,-0.019501,-0.025819,-0.023896,-0.007782,-0.019990,-0.048738,-0.035096,-0.031709,-0.010712,-0.042878,-0.052644,-0.024872,-0.023896,-0.019471,-0.032166,-0.040956,0.004395,0.003388,-0.022431,-0.003388,-0.004883,-0.015595,-0.026826,-0.035584,-0.026795,-0.014618,-0.030701,0.000000,-0.009766,-0.032655,-0.036561,-0.011200,0.000000,-0.034120,-0.052644,-0.015595,-0.032166,-0.031678,-0.034120,-0.013153,-0.023408,-0.017548,-0.039979,-0.012177,-0.016083,-0.044831,-0.000977,-0.030732,-0.032136,-0.037538,-0.039491,-0.022431,-0.021912,-0.021454,-0.009278,-0.013153,-0.050691,-0.020478,-0.045808,-0.017548,-0.042421,-0.004852,-0.007324,-0.028748,-0.019501,0.000458,-0.017060,0.001465,-0.023865,-0.032166,-0.028779,-0.000488,-0.007813,-0.003906,-0.022400,-0.007813,-0.002441,-0.008789,0.002441,-0.009735,-0.029755,0.003418,-0.010254,-0.031190,-0.019990,-0.031678,-0.048738,-0.004883,-0.015107,-0.025330,0.011689,-0.016083,-0.033143,-0.021943,-0.013153,-0.007324,-0.010224,-0.016571,0.003876,-0.015107,-0.017548,-0.012207,-0.019471,0.004364,-0.025819,-0.005860,-0.022431,-0.004395,-0.017548,-0.041444,-0.020936,-0.023896,0.005860,-0.012207,-0.021943,-0.027283,-0.008759,-0.044374,-0.014130,-0.008301,0.007813,-0.023408,-0.042390,-0.032166,-0.002441,-0.012207,-0.008759,-0.002441,-0.001465,-0.006348,-0.033143,-0.018525,0.011689,-0.005371,-0.020478,-0.016571,-0.028260,0.002899,-0.017548,-0.034120,-0.019013,-0.020936,-0.019501,-0.041444,-0.005860,0.002930,0.000488,-0.006348,-0.026795,-0.008301,-0.008270,0.000000,-0.011719,-0.019990,-0.014130,-0.003418,-0.026795,-0.022919,0.000488,0.033143,0.012665,-0.030701,-0.002930,-0.014161,-0.012665,-0.003906,-0.016571,-0.036561,-0.017548,0.011689,-0.010742,-0.028260,0.000977,-0.025849,-0.022889,-0.019501,-0.048738,-0.014130,-0.014618,0.020447,0.003418,-0.021943,-0.004883,-0.022431,0.001465,-0.037019,-0.038026,-0.040467,-0.028748,0.008759,-0.013642,-0.008789,-0.044343,-0.013642,-0.045320,-0.003418,-0.036073,-0.019501,-0.016083,-0.029237,-0.010712,-0.026826,0.005860,-0.003418,-0.027802,-0.012665,0.004395,-0.011719,0.000000,0.002441,0.007294,0.008301,-0.016571,-0.017579,-0.034608,0.032166,-0.019990,-0.027283,-0.011231,-0.005341,-0.012696,-0.025819,-0.005860,-0.035584,-0.016571,0.004395,-0.033143,-0.007813,-0.003418,-0.022431,-0.000977,-0.028260,-0.023408,-0.010712,-0.000977,-0.022919,-0.005371,0.007813,-0.014161,0.000000,-0.012177,-0.023408,-0.020936,-0.015137,-0.018525,-0.008270,-0.007324,-0.006348,-0.027283,-0.022431,-0.008759,-0.031709,-0.024842,-0.022919,-0.014130,-0.001465,0.001923,-0.009735,0.015107,0.000977,-0.012207,-0.032655,-0.009247,-0.022431,-0.021454,-0.029725,-0.021943,-0.005371,-0.035584,-0.021424,-0.019013,0.006806,-0.018525,0.000488,-0.027314,-0.015107,-0.022889,-0.022919,-0.003906,-0.025330,0.014588,-0.015107,-0.012665,0.007294,-0.019990,-0.016571,-0.007294,-0.022431,-0.024872,-0.011689,-0.010742,-0.020478,-0.015595,-0.013153,-0.012177,-0.010254,-0.038972,-0.025849,-0.006806,-0.038026,-0.024384,-0.022431,-0.042878,-0.022431,-0.021943,-0.019471,-0.044862,-0.009735,-0.002441,-0.036073,-0.031190,-0.000488,0.011689,0.000458,-0.017548,-0.012665,0.000977,-0.018525,-0.018036,-0.032166,-0.041444,-0.044343,-0.013642,0.001465,-0.016602,-0.038972,-0.026826,-0.034608,-0.009247,-0.020478,-0.026337,-0.045320,-0.020936,-0.014618,-0.013184,-0.024842,-0.015107,-0.023408,-0.029725,-0.031190,-0.018036,-0.023896,-0.018525,-0.012696,-0.008270,0.005341,-0.013642,-0.013642,-0.028291,-0.007294,-0.006836,-0.063356,-0.018525,-0.014618,-0.008301,-0.008759,-0.022919,-0.026795,-0.025849,-0.017060,0.000488,0.007294,-0.009735,-0.033631,-0.018036,-0.016571,-0.042390,-0.015625,0.003906,-0.045320,-0.034120,-0.024872,-0.024842,-0.018525,-0.026826,-0.021424,-0.008301,0.007813,-0.007324,-0.032166,-0.037538,-0.016083,-0.013153,-0.008789,-0.013153,-0.031678,-0.011689,-0.001953,-0.022431,0.001953,-0.003418,-0.013184,-0.021912,-0.019501,0.001465,-0.015107,-0.007324,-0.004395,-0.006836,-0.023865,-0.019013,-0.026337,-0.039460,-0.012696,-0.023408,-0.007294,-0.010254,-0.015107,0.010712,-0.023865,-0.011719,-0.036073,-0.019013,0.001953,0.005829,-0.018494,0.003388,-0.013153,-0.002930,0.008270,-0.011689,-0.020966,0.000488,0.017029,-0.016571,-0.000977,-0.003906,-0.033631,0.008789,-0.015625,-0.000977,0.000977,0.005371,-0.018036,-0.020966,-0.017548,-0.028779,0.012177,-0.023377,-0.007324,-0.010224,0.009735,0.010224,-0.033143,0.005829,0.009278,0.002899,-0.003388,-0.004883,-0.005371,-0.010712,-0.007324,-0.025819,-0.009278,-0.003418,-0.010224,-0.002441,-0.016571,-0.019013,-0.001953,0.004852,-0.010224,-0.026826,0.001465,-0.019501,-0.020966,-0.014618,0.013642,-0.003906,0.004883,0.005829,-0.015107,0.004883,0.004852,-0.008301,-0.026795,-0.013153,-0.010254,0.003906,-0.012696,-0.004852,-0.016571,-0.030701,-0.014618,-0.027314,-0.026795,-0.018036,-0.031190,0.007294,-0.004883,-0.030213,-0.019990,0.017060,-0.013153,-0.026337,-0.015595,-0.021943,-0.021912,-0.011719,-0.013642,-0.014618,-0.022431,0.002441,-0.005371,-0.016083,-0.024872,-0.019471,-0.002930,-0.031220,-0.033143,-0.022889,0.020447,0.000488,-0.015595,-0.022431,-0.030701,0.002930,-0.019501,-0.008301,-0.016083,-0.017548,-0.019471,-0.016571,-0.022919,-0.001465,-0.024384,-0.036073,-0.029725,-0.010224,-0.019501,-0.019013,-0.023896,-0.025819,-0.023896,-0.006836,-0.017548,-0.020478,-0.008270,-0.024872,-0.011200,-0.025361,-0.011689,-0.016083,-0.000977,0.005341,-0.019501,0.002441,-0.007324,-0.003906,-0.003906,-0.029237,-0.001953,-0.000977,0.000977,-0.037538,-0.006806,-0.019013,0.004364,-0.036073,-0.018006,-0.017090,-0.030701,-0.019013,-0.007782,0.009247,-0.035096,-0.021943,-0.004395,-0.018525,-0.023377,-0.018525,-0.032655,-0.012207,0.002441,-0.000488,0.002411,-0.037507,-0.024872,-0.005371,0.009278,0.008759,-0.008759,0.010712,-0.016083,-0.023896,-0.017548,-0.019990,0.000000,-0.030244,-0.022400,-0.021454,-0.006348,-0.026337,-0.029725,-0.027772,-0.009735,-0.027314,0.006348,0.030213,-0.002441,0.011200,-0.008759,-0.012207,-0.030213,-0.023896,-0.040437,-0.000977,-0.018525,-0.041444,-0.013642,0.003876,0.000000,-0.042390,-0.005371,-0.030701,-0.009278,-0.023865,-0.014618,-0.032655,-0.002441,-0.000519,-0.040925,-0.014618,-0.011689,-0.024872,-0.014130,-0.007813,-0.007324,-0.018525,-0.000977,0.002930,-0.014161,-0.002930,-0.045320,-0.009247,-0.000488,-0.016571,-0.008789,-0.015107,-0.016571,-0.006836,-0.029237,-0.015107,-0.022431,0.002441,-0.016571,-0.017090,-0.013642,-0.017548,-0.005860,-0.005860,-0.018525,-0.013642,-0.023896,-0.034608,0.007324,-0.016571,-0.000488,0.001923,-0.004852,-0.007813,-0.038026,-0.003906,-0.011689,-0.025819,-0.001007,-0.011200,0.005371,-0.030244,-0.010224,-0.014618,-0.042421,-0.038484,0.005341,-0.011689,-0.028291,0.003418,-0.008301,-0.006348,-0.002930,0.005371,-0.010254,-0.009247,-0.009766,-0.019990,-0.010712,-0.018525,-0.039491,-0.027772,-0.000488,-0.022919,-0.000488,-0.040925,-0.008789,-0.012177,-0.000977,-0.019501,-0.026337,-0.016083,-0.024354,-0.011689,-0.030701,-0.011719,-0.014130,-0.026826,-0.029725,-0.032655,-0.031190,-0.018525,-0.008789,-0.039949,-0.019501,-0.012177,-0.007813,-0.020966,-0.031678,-0.026826,-0.008270,-0.012177,-0.023896,-0.010254,-0.016571,-0.018036,-0.013642,-0.016083,-0.013642,-0.014618,-0.017060,-0.012696,-0.016571,-0.010224,-0.018525,-0.012696,-0.028260,-0.023896,-0.013153,0.000488,-0.036561,-0.011200,0.008270,-0.012207,-0.021912,-0.015625,-0.023377,-0.023408,0.002930,-0.008301,-0.022889,-0.014161,-0.028748,-0.012696,-0.004852,-0.033143,-0.036073,-0.001465,-0.013672,-0.013642,-0.043855,-0.020966,-0.013642,-0.039491,-0.014618,-0.017548,-0.037049,-0.032166,0.004395,-0.009735,-0.018036,-0.022919,-0.045320,-0.047273,-0.025361,-0.038026,-0.019471,-0.019501,-0.040956,-0.005860,-0.025819,-0.032166,-0.023408,-0.018006,-0.010742,-0.001465,-0.018036,-0.025361,-0.009247,-0.012207,-0.014130,-0.013642,-0.009278,-0.003418,-0.009247,-0.018525,-0.020478,-0.023896,-0.001953,-0.004395,-0.016571,-0.039491,-0.032655,-0.024842,-0.007813,-0.016571,-0.020966,-0.020936,0.011200,-0.013642,0.008759,-0.019013,-0.014130,-0.001495,-0.016571,-0.004395,-0.016571,-0.026307,-0.010224,-0.025849,-0.033143,-0.023896,-0.044831,-0.031678,-0.036561,-0.015107,-0.000488,0.009735,-0.021454,-0.006348,-0.019501,-0.022889,-0.041444,-0.030701,-0.010224,-0.013184,-0.019471,0.004364,0.012177,0.000488,0.002930,-0.012696,-0.002441,-0.019959,-0.014649,-0.018006,-0.030244,0.011200,-0.017060,-0.002930,-0.009735,-0.019990,-0.009735,-0.013672,-0.040437,-0.007324,-0.006348,-0.003906,-0.014618,-0.011200,-0.017060,-0.011231,-0.030213,-0.007324,-0.002441,0.001465,0.012177,-0.010712,-0.008301,0.001465,-0.007324,0.019990,0.001923,0.000000,-0.010224,-0.001465,0.008270,0.007294,-0.004852,-0.011231,-0.007813,-0.006806,0.003876,0.008270,0.007324,-0.033143,-0.024384,-0.007294,-0.048738,0.000000,-0.015625,-0.019471,-0.020478,0.000000,0.008270,0.000977,-0.011719,-0.036530,0.016053,0.010712,-0.032655,-0.035096,-0.017548,-0.012177,-0.021943,-0.011689,-0.026826,-0.027283,-0.003418,-0.035584,-0.033631,-0.005371,-0.004364,-0.012696,-0.027283,-0.034608,-0.013153,-0.002930,0.001923,-0.011200,0.007294,-0.024354,-0.029267,-0.000977,-0.019501,0.008301,-0.004395,-0.027314,0.008789,-0.018525,-0.013153,-0.004883,-0.000488,-0.012207,-0.019013,-0.019013,-0.021424,-0.016571,-0.022919,-0.016571,0.006806,-0.024354,-0.003418,-0.005371,-0.013153,-0.026307,-0.039002,-0.030213,-0.032655,-0.022431,-0.034608,-0.024872,-0.029237,-0.043367,-0.011689,-0.027802,-0.023896,-0.015107,-0.027283,-0.018525,-0.000977,0.007294,-0.015595,-0.015595,0.000000,-0.021943,-0.031678,-0.013153,-0.013672,-0.005341,-0.016083,-0.009766,-0.007294,0.022889,0.014618,-0.016083,-0.018036,-0.004883,-0.005371,-0.002441,-0.012665,-0.037538,0.002930,-0.001465,-0.031190,0.000000,0.010224,0.000488,-0.001953,0.000458,-0.012177,-0.006836,-0.020478,-0.023865,-0.019990,-0.025361,-0.029725,-0.011689,-0.034120,-0.011231,-0.022889,0.010712,-0.002930,-0.049226,-0.025849,-0.009735,-0.022919,-0.044343,-0.010254,-0.008270,-0.008789,-0.003906,0.006348,0.019013,-0.003418,-0.031678,0.002411,0.008301,-0.022431,-0.025849,-0.041413,0.001923,-0.004364,-0.031709,-0.019013,0.007813,-0.006348,-0.014130,-0.018036,-0.001953,-0.012696,-0.017060,-0.008759,-0.013672,-0.009735,-0.025819,-0.032166,-0.009278,-0.007813,-0.022431,-0.000488,-0.037995,-0.027802,-0.019013,-0.028260,-0.028779,-0.023865,-0.001007,-0.010712,-0.006348,0.003418,0.008270,0.004852,-0.005371,-0.027772,-0.014618,0.019501,-0.026337,0.000488,-0.001465,-0.001953,0.001923,0.003906,-0.015107,-0.006836,-0.038514,-0.032655,0.011231,0.018006,-0.007324,-0.016571,-0.017548,-0.001465,0.002441,-0.004883,-0.006836,-0.012665,-0.007324,-0.018525,-0.002930,0.000977,0.004852,-0.018006,-0.016571,-0.004395,-0.048250,-0.043397,-0.012177,-0.012665,-0.017060,-0.019990,0.001923,-0.011200,-0.012177,-0.040467,-0.020478,-0.008759,0.006317,0.003906,-0.022431,0.007294,-0.033631,-0.021454,0.001465,-0.021424,-0.013184,0.010254,-0.030244,0.004395,0.001465,-0.008301,-0.015595,-0.007324,-0.025330,-0.031190,-0.004883,0.010712,-0.012177,0.003388,0.004883,-0.019501,0.007294,-0.009247,0.007294,-0.004883,-0.021943,-0.030213,-0.020966,-0.006806,-0.005860,0.007294,0.004395,-0.003906,-0.010712,-0.031190,-0.010742,-0.021943,-0.008759,-0.012696,-0.001953,-0.015107,-0.014130,-0.037538,0.005341,-0.000488,0.000000,-0.030213,-0.005860,-0.005341,-0.040956,-0.019990,-0.012177,0.019471,0.004883,-0.006348,-0.004883,-0.016083,-0.017060,-0.015107,0.004364,0.005860,-0.010224,-0.021454,-0.008789,-0.017060,-0.002441,-0.003418,-0.018036,-0.008270,0.017548,-0.000977,-0.019501,0.006806,0.020478,0.003876,-0.008759,-0.015107,-0.011231,0.003906,0.005829,0.003418,0.010712,-0.006836,-0.004395,0.007324,-0.005371,-0.003418,0.012665,0.000000,-0.011689,0.002441,0.020447,-0.016571,-0.011200,0.004364,0.014161,-0.016083,-0.002960,0.006836,0.000977,-0.017579,0.000488,-0.009247,-0.012207,-0.011200,-0.005860,-0.002930,-0.000977,-0.005860,-0.008270,-0.023896,-0.013153,0.001923,-0.021943,0.009766,-0.012207,-0.012665,-0.023896,-0.011231,-0.000488,0.000000,0.001953,-0.003906,0.006806,0.008301,-0.004883,-0.000488,0.005829,0.007324,-0.018525,-0.010254,0.003906,-0.014618,-0.028779,-0.022889,0.017060,-0.024872,-0.022919,-0.000977,0.002441,-0.004395,-0.004395,0.002930,0.004852,0.017060,-0.017548,-0.010254,-0.033631,-0.026307,-0.004883,-0.031678,0.000488,-0.015107,-0.010254,-0.002930,-0.002441,-0.042390,-0.032655,-0.010254,-0.034608,-0.035096,-0.014130,-0.024384,-0.019959,-0.013184,-0.003906,-0.020936,0.018006,-0.011200,-0.008270,-0.006348,-0.037049,-0.039979,-0.013642,0.009735,-0.010224,-0.006836,-0.033143,-0.007324,0.001465,-0.015595,-0.005371,-0.000488,-0.000488,-0.003418,-0.007294,-0.016602,-0.000488,-0.036042,-0.017060,-0.002472,-0.014618,-0.004395,-0.017060,-0.022889,0.001923,-0.007782,-0.004395,-0.019990,-0.017548,-0.007813,-0.021943,-0.026795,-0.009278,-0.021943,-0.009247,-0.008301,-0.008789,0.012696,0.000458,-0.016571,-0.027283,-0.000488,-0.025361,0.000000,-0.019013,0.003906,-0.009735,-0.004883,0.011200,-0.017060,-0.001465,-0.015107,0.018006,0.004883,-0.005371,0.000977,0.008270,0.015107,-0.018525,0.004852,-0.005860,0.004883,-0.005860,-0.003906,-0.006348,-0.003906,0.010224,0.023408,-0.008789,-0.017548,-0.026795,-0.013184,0.006836,-0.005860,0.008270,-0.002441,-0.009278,-0.037995,-0.013184,-0.002930,-0.007782,-0.000977,-0.022919,-0.021454,0.001465,0.014130,0.000977,0.019013,-0.023408,-0.029725,-0.014618,-0.009766,-0.010712,-0.033631,0.010712,-0.002441,-0.007324,-0.015107,-0.003906,-0.029725,-0.044374,0.008301,-0.007813,-0.000977,-0.019013,-0.018525,-0.004883,-0.014618,-0.016571,0.003906,0.003876,0.011200,-0.006806,0.001923,-0.001953,-0.023865,-0.003906,0.010224,0.004852,-0.006348,-0.033143,0.000000,-0.035096,-0.032655,-0.009247,0.010712,0.011200,-0.018525,-0.010712,-0.034608,-0.003906,-0.031190,-0.004883,-0.017060,-0.014618,0.019471,-0.010712,0.004852,0.000977,-0.010224,-0.008301,0.003906,-0.011231,0.001465,-0.004883,-0.027772,-0.017060,-0.011200,0.015564,-0.007294,-0.008789,-0.001465,0.010224,-0.008759,-0.002930,-0.024384,-0.038026,-0.003418,-0.026795,-0.032655,-0.017060,-0.004883,-0.003906,-0.004852,-0.016083,0.015076,-0.008270,-0.021454,-0.017548,-0.007813,-0.012177,-0.021943,-0.002441,-0.012177,-0.012207,0.000977,-0.005860,-0.008759,-0.004395,-0.010742,-0.037507,-0.015625,-0.012665,-0.025849,-0.022889,-0.019501,-0.021943,-0.009247,-0.005860,-0.020966,-0.005860,-0.012177,0.025819,-0.003418,-0.026795,-0.003906,-0.007324,-0.015107,-0.013642,-0.008789,0.004852,-0.021912,-0.001953,0.015107,0.001923,-0.011689,-0.001465,-0.021943,-0.015595,-0.023896,-0.011231,-0.002930,0.004395,-0.014618,0.006317,-0.019471,-0.014161,-0.003906,-0.017548,0.011689,-0.014130,0.017548,0.015595,-0.020478,-0.017548,0.014130,-0.004883,-0.002441,-0.017548,-0.027772,0.002899,0.014130,-0.013642,-0.038026,-0.004852,-0.002441,-0.011719,-0.007813,-0.030213,-0.000488,-0.000977,0.007782,0.002441,0.010712,-0.016571,-0.004852,-0.003906,-0.016571,0.012665,0.009735,-0.020478,-0.030213,-0.018036,0.005341,-0.019990,-0.005829,-0.015137,-0.019959,0.001434,-0.011689,-0.003418,0.008270,-0.019471,-0.008789,-0.009735,-0.010742,-0.009735,-0.026337,-0.013153,-0.025819,0.000000,-0.001953,-0.000488,-0.005371,0.010712,-0.013642,-0.008789,0.000000,0.008301,-0.022919,-0.011689,-0.019501,-0.010254,0.007324,-0.029725,-0.012207,-0.001953,0.011200,0.005371,0.012665,0.006806,0.010254,0.020447,-0.003418,-0.017060,0.014130,-0.005341,-0.016602,-0.007294,0.007782,-0.005860,-0.017548,0.006348,0.014130,0.002441,-0.014649,-0.014130,0.009247,0.028779,-0.037049,-0.000488,-0.009278,-0.008270,0.025819,0.000000,-0.011231,0.020966,-0.013184,-0.012665,-0.037538,-0.010224,0.005341,0.009278,0.016053,0.016083,0.004395,0.022889,-0.003876,-0.012207,-0.008270,-0.009278,-0.011231,-0.013642,-0.002441,-0.010224,-0.006836,-0.002441,0.019471,-0.013642,0.005860,-0.008789,-0.020966,0.023408,0.003388,0.020966,-0.004883,0.000000,0.017060,0.002930,-0.009766,0.001465,-0.003418,-0.014618,-0.023896,0.011689,0.011689,0.004883,-0.002930,-0.008301,-0.011689,-0.019501,0.010224,-0.028260,0.001953,0.005341,-0.005371,0.004883,0.004364,0.001465,0.006348,-0.004395,0.005829,-0.017548,0.021943,0.008270,-0.023896,-0.020478,-0.030701,0.001465,0.013642,-0.000977,0.007782,-0.016083,-0.007294,-0.011231,0.008270,0.016083,0.022889,-0.020478,0.002930,-0.023896,0.004883,0.002930,0.018006,-0.009735,0.011200,-0.010224,0.014130,-0.006836,-0.032166,-0.013642,-0.003906,0.007782,-0.020936,-0.017090,-0.001465,0.014618,-0.038972,0.004364,-0.007813,0.000977,-0.015595,0.005860,-0.012696,0.025819,0.017548,0.014618,-0.002441,-0.000488,0.003876,0.009278,0.003388,-0.010224,-0.005860,0.005829,-0.003906,-0.013153,-0.008270,0.002411,-0.015107,0.023408,0.007294,-0.021943,-0.018036,-0.002930,0.022919,-0.018036,0.000946,-0.002441,0.004395,0.049226,-0.008789,0.007813,0.008270,0.007294,-0.004852,0.006317,0.029725,0.000488,0.014130,0.011200,-0.000488,0.009247,0.008301,0.002899,0.011689,0.001465,-0.016083,-0.001953,0.013153,0.007324,0.007782,0.007813,0.002899,0.007324,0.000977,-0.005860,-0.010254,-0.003418,0.008301,0.013642,0.007782,0.003906,0.026307,0.031678,0.011689,-0.018525,0.003876,-0.004852,-0.032166,0.017548,-0.005860,0.000977,0.005829,0.020478,0.002899,0.024384,0.004852,0.015595,-0.005860,-0.001465,-0.007813,-0.004883,0.023896,-0.007813,0.011689,-0.014618,-0.001465,0.018006,0.009278,-0.008789,0.008759,0.000488,0.019013,0.011689,-0.001953,-0.011689,0.014618,-0.011231,0.001953,-0.004395,-0.014618,-0.015137,0.010742,-0.001007,0.020966,0.002930,0.018494,0.018525,0.007294,0.012177,0.014130,0.017060,-0.004852,0.022889,0.014130,0.003388,0.007324,0.004852,0.000000,-0.002441,0.000000,0.008759,-0.015107,-0.008759,0.001923,0.003418,0.006806,-0.012177,0.002411,-0.018006,-0.002441,-0.019501,0.024354,-0.000488,0.026307,0.015595,-0.012177,0.014588,-0.000977,0.013642,-0.012665,-0.007324,-0.017548,0.000000,0.002930,0.022400,0.008270,-0.008270,0.012177,0.001465,0.018006,-0.001953,-0.002441,0.015595,0.012696,-0.001953,0.008270,0.008270,-0.013153,0.004852,-0.005860,0.006836,-0.005371,0.000977,0.000000,-0.010742,-0.009735,0.002441,-0.026337,-0.012177,-0.019501,-0.012696,0.030701,-0.007813,-0.009735,-0.024354,-0.005860,-0.012207,-0.009735,-0.006836,-0.007294,0.012177,0.004364,0.022431,0.010712,0.003418,0.023865,0.008759,0.002930,0.001953,-0.000488,0.009247,0.000488,-0.000977,0.026307,0.033143,0.012177,0.008759,-0.016083,0.008270,0.002441,0.032136,0.009278,0.027283,-0.012177,-0.009766,-0.000977,-0.015595,0.008270,0.038026,0.025819,0.008270,0.024842,0.000977,0.002441,-0.006348,0.018982,0.009766,0.037019,-0.007324,-0.010224,-0.000977,0.002899,0.001465,0.021943,0.024842,0.019471,0.011231,0.008270,0.019013,0.023377,0.028748,0.004395,0.001465,0.024354,-0.002930,-0.000977,0.004852,-0.003906,-0.018525,-0.008759,0.005829,0.002930,0.009735,0.006348,0.011689,-0.006836,0.019471,-0.015107,-0.031678,0.003906,0.007782,0.008759,0.011689,-0.002930,0.026307,0.017548,0.010742,0.005829,0.043367,-0.022919,-0.048250,-0.040925,-0.010254,0.018525,-0.065798,-0.034608,-0.033631,0.005371,-0.012696,-0.036073,-0.055543,-0.010254,0.008301,-0.000488,0.004852,-0.027283,-0.042909,-0.086245,-0.146702,-0.173497,-0.180333,-0.063356,0.086733,0.212499,0.356241,0.308968,0.086245,-0.279731,-0.636948,-0.886466,-0.835806,-0.364542,0.426921,0.980036,0.982935,0.997553,0.717395,-0.816793,-0.944940,-0.998103,-0.901573,-0.998072,0.606735,0.997553,0.997584,0.941552,0.997553,-0.458569,-0.998072,-0.964960,-0.936669,-0.998072,0.390360,0.997553,0.964441,0.973230,0.997553,-0.388407,-0.998072,-0.935693,-0.966363,-0.998103,0.423991,0.997553,0.940087,0.997553,0.997584,-0.487317,-0.998072,-0.902550,-0.998103,-0.943963,-0.998072,-0.866019,0.859183,0.997553,0.997584,0.922539,0.997553,-0.109134,-0.998103,-0.897667,-0.998072,-0.998072,-0.685686,0.997553,0.899650,0.997553,0.881614,0.997553,-0.316750,-0.998103,-0.914726,-0.998072,-0.975183,-0.842612,0.938622,0.973688,0.997584,0.940545,0.997584,0.594558,-0.998072,-0.921563,-0.998072,-0.922539,-0.998072,-0.744190,0.897667,0.997584,0.954705,0.997553,0.916680,0.997553,-0.243170,-0.998072,-0.883048,-0.998072,-0.914269,-0.998072,-0.775349,0.875754,0.997553,0.965417,0.997584,0.953729,0.997553,0.693957,-0.989771,-0.944970,-0.998072,-0.943475,-0.998072,-0.932305,-0.998072,0.654496,0.997553,0.963006,0.997553,0.993189,0.985895,0.997553,0.824117,-0.879661,-0.998072,-0.958581,-0.998103,-0.945916,-0.998072,-0.912285,-0.998103,0.476636,0.997553,0.941064,0.997553,0.983454,0.995142,0.997553,0.962030,0.997553,-0.539473,-0.998072,-0.920098,-0.998072,-0.956170,-0.988306,-0.977136,-0.963464,-0.998072,-0.767079,0.938622,0.997553,0.993677,0.997584,0.983454,0.997553,0.967859,0.997553,0.930352,0.997553,0.469311,-0.998072,-0.917656,-0.998072,-0.950311,-0.996607,-0.964929,-0.984430,-0.975672,-0.974176,-0.986872,-0.962488,-0.976618,0.685656,0.997553,0.952783,0.997553,0.974664,0.997584,0.982477,0.997553,0.985895,0.997553,0.986383,0.997553,0.980554,0.997553,0.853323,-0.855277,-0.998072,-0.968835,-0.982477,-0.975153,-0.979547,-0.976648,-0.978082,-0.977594,-0.977136,-0.978082,-0.976129,-0.978601,-0.975153,-0.980036,-0.972742,-0.983454,-0.965417,-0.998072,-0.836752,0.876212,0.997553,0.988825,0.997553,0.994166,0.997584,0.995631,0.997584,0.995600,0.997095,0.995631,0.996607,0.995631,0.996607,0.995600,0.996119,0.995631,0.996119,0.995631,0.995631,0.995600,0.995631,0.995631,0.995631,0.995142,0.995112,0.995142,0.995142,0.995142,0.995112,0.995142,0.995142,0.995112,0.994654,0.994654,0.994654,0.994654,0.994654,0.994654,0.994654,0.994654,0.994654,0.994166,0.994166,0.994166,0.994166,0.994166,0.994166,0.994166,0.994166,0.993677,0.993677,0.993647,0.993677,0.993189,0.994166,0.992701,0.994166,0.992212,0.994654,0.991266,0.995112,0.990290,0.996577,0.988825,0.997553,0.986383,0.997553,0.982996,0.997553,0.978571,0.997584,0.971246,0.997584,0.957605,0.997584,0.920586,0.997553,0.424968,-0.998072,-0.912285,-0.998072,-0.944970,-0.998072,-0.956659,-0.998072,-0.961999,-0.998072,-0.963952,-0.998072,-0.963006,-0.998072,-0.958581,-0.998072,-0.948388,-0.998072,-0.919121,-0.998072,-0.543379,0.997553,0.952752,0.997553,0.978113,0.997553,0.991755,0.988306,0.997584,0.975641,0.997584,0.956170,0.997553,0.908409,0.997553,0.090182,-0.998103,-0.880607,-0.998072,-0.923516,-0.998072,-0.934716,-0.998072,-0.932305,-0.998072,-0.907921,-0.998072,-0.556533,0.997553,0.970300,0.997553,0.995142,0.981501,0.997584,0.959070,0.997584,0.909355,0.997584,-0.048250,-0.998072,-0.882560,-0.998072,-0.929345,-0.998103,-0.944940,-0.998072,-0.954705,-0.967859,0.741718,0.997553,0.959100,0.997553,0.966394,0.997584,0.952752,0.997553,0.736377,-0.938622,-0.984430,-0.977594,-0.988306,-0.968835,-0.998072,-0.959100,-0.982965,0.705676,0.997553,0.966882,0.997553,0.997584,0.968347,0.997553,0.678392,-0.998072,-0.938134,-0.998072,-0.945916,-0.998072,-0.942529,-0.998072,0.651078,0.997553,0.939599,0.997553,0.948388,0.997553,0.812398,-0.837240,-0.998072,-0.929375,-0.998072,-0.891319,-0.998103,-0.093081,0.997553,0.886497,0.997553,0.912315,0.997553,0.673998,-0.959588,-0.976618,-0.987360,-0.972223,-0.998072,-0.867972,0.841147,0.997553,0.980524,0.994166,0.997584,0.826040,-0.936181,-0.950799,-0.998072,-0.903526,-0.998072,-0.251471,0.997553,0.885002,0.997553,0.919152,0.997553,-0.828939,-0.954217,-0.998072,-0.871390,-0.998072,0.311898,0.997553,0.989802,0.933251,0.997553,0.077028,-0.998072,-0.932763,-0.966882,-0.998103,-0.352334,0.997553,0.920586,0.997584,0.997553,0.623826,-0.998072,-0.902580,-0.998072,-0.954217,-0.871848,0.961053,0.942986,0.997553,0.908409,0.997553,-0.577468,-0.998103,-0.984888,-0.929863,-0.998072,-0.128177,0.997553,0.878684,0.997553,0.930352,0.989283,-0.817251,-0.982965,-0.998072,-0.927910,-0.998072,-0.522413,0.997553,0.912804,0.997553,0.904014,0.997553,0.410350,-0.998072,-0.896202,-0.998103,-0.900108,-0.998072,-0.579940,0.997553,0.972742,0.997553,0.993677,0.981501,0.997584,-0.569686,-0.998103,-0.885978,-0.998072,-0.876212,-0.998103,-0.458080,0.997553,0.979059,0.981989,0.997553,0.926445,0.997553,0.304115,-0.998072,-0.893791,-0.998072,-0.939599,-0.998072,-0.980036,-0.846518,0.935693,0.970789,0.997553,0.950311,0.997553,0.918663,0.997553,0.462475,-0.998072,-0.919121,-0.998072,-0.945916,-0.998072,-0.950311,-0.998072,-0.834829,0.848441,0.997584,0.970789,0.997553,0.975183,0.997553,0.964929,0.997553,0.754414,-0.961023,-0.957635,-0.998072,-0.947381,-0.998072,-0.933282,-0.998072,-0.892295,-0.998072,-0.327981,0.997553,0.933739,0.997553,0.978113,0.994135,0.997584,0.967371,0.997584,0.915703,0.997553,0.152561,-0.998072,-0.885032,-0.998072,-0.931298,-0.998072,-0.948358,-0.998072,-0.955682,-0.998072,-0.953241,-0.998072,-0.812887,0.885978,0.997553,0.985895,0.996088,0.991755,0.992701,0.994654,0.990259,0.996577,0.987360,0.997553,0.984430,0.997584,0.984430,0.960046,-0.733936,-0.998072,-0.949365,-0.998072,-0.964929,-0.994654,-0.969324,-0.991755,-0.970758,-0.991266,-0.970300,-0.992701,-0.967859,-0.995631,-0.962976,-0.998072,-0.953241,-0.998072,-0.925957,-0.998072,-0.574081,0.997553,0.950830,0.997553,0.970300,0.997553,0.978601,0.997553,0.983454,0.997553,0.986383,0.997553,0.988337,0.996119,0.989802,0.995112,0.990748,0.993677,0.991236,0.993189,0.991724,0.992701,0.991755,0.992212,0.991724,0.992212,0.991724,0.991724,0.991724,0.991724,0.991724,0.991724,0.991724,0.991724,0.991236,0.991236,0.991266,0.991236,0.991236,0.991236,0.991236,0.991236,0.990748,0.990778,0.990748,0.990748,0.990748,0.990748,0.990748,0.990259,0.990748,0.990259,0.990748,0.989802,0.990748,0.989283,0.991236,0.988337,0.992212,0.987330,0.993189,0.985407,0.995112,0.983454,0.997553,0.980066,0.997553,0.975672,0.997553,0.968347,0.997553,0.955194,0.997584,0.921074,0.997553,-0.417155,-0.998072,-0.913262,-0.998072,-0.950799,-0.998072,-0.965417,-0.998103,-0.973688,-0.991266,-0.980036,-0.984919,-0.986383,-0.979059,-0.992701,-0.971277,-0.998072,-0.960046,-0.998072,-0.937157,-0.998072,0.574538,0.997584,0.940087,0.997553,0.971277,0.997553,0.985407,0.988306,0.997065,0.976648,0.997553,0.959588,0.997553,0.920098,0.997584,-0.321145,-0.998072,-0.895256,-0.998072,-0.932274,-0.998103,-0.941033,-0.998072,-0.937157,-0.998072,-0.911827,-0.998072,-0.549239,0.997553,0.962030,0.997553,0.986872,0.983942,0.997553,0.963464,0.997584,0.918633,0.997553,0.247565,-0.998072,-0.878654,-0.998072,-0.914269,-0.998072,-0.915215,-0.998072,-0.884055,-0.998072,0.354776,0.997553,0.929863,0.997553,0.973718,0.992212,0.997553,0.956659,0.997553,-0.444439,-0.998072,-0.886955,-0.998072,-0.908409,-0.998072,-0.879661,-0.998072,0.001953,0.997553,0.883079,0.997553,0.911339,0.997553,0.894279,0.997553,-0.555068,-0.998072,-0.974695,-0.962488,-0.998072,-0.896721,-0.998072,-0.123782,0.997553,0.926934,0.997584,0.997553,0.938134,0.997584,-0.062868,-0.998072,-0.873801,-0.998072,-0.923027,-0.998072,-0.876731,0.729541,0.997584,0.914726,0.997553,0.897209,0.997553,-0.248999,-0.998072,-0.873801,-0.998103,-0.870383,-0.998072,0.004395,0.997553,0.878196,0.997553,0.878684,0.997553,-0.025330,-0.998072,-0.868430,-0.998072,-0.876731,-0.998072,0.465405,0.997553,0.950799,0.994166,0.997553,0.657426,-0.998072,-0.889396,-0.998072,-0.879142,-0.998103,0.636948,0.997584,0.997553,0.903068,0.997553,-0.141788,-0.998103,-0.947381,-0.960534,-0.998072,-0.311409,0.997553,0.907921,0.997553,0.997584,0.671556,-0.998072,-0.891838,-0.998072,-0.910851,-0.998072,0.806539,0.981989,0.997553,0.901604,0.997553,-0.205633,-0.998072,-0.919121,-0.998103,-0.998072,-0.634507,0.997553,0.887931,0.997584,0.872825,0.997553,-0.191503,-0.998072,-0.889396,-0.998072,-0.904503,-0.998072,0.510236,0.997553,0.915734,0.997553,0.917656,0.997584,-0.452251,-0.998072,-0.894279,-0.998072,-0.888420,-0.998072,0.188603,0.997553,0.866507,0.997553,0.864066,0.997553,0.334817,-0.998072,-0.959588,-0.978571,-0.998072,-0.921563,-0.998072,0.397654,0.997553,0.933282,0.997553,0.991266,0.962945,0.997584,-0.548750,-0.998072,-0.940545,-0.997095,-0.998103,-0.934228,-0.998072,-0.212469,0.997553,0.869437,0.997553,0.904503,0.997553,0.885520,0.997553,-0.244147,-0.998072,-0.886955,-0.998072,-0.909874,-0.998072,-0.882102,-0.998072,-0.362588,0.997584,0.944451,0.997553,0.985895,0.978571,0.997584,0.933251,0.997553,0.357248,-0.998072,-0.881126,-0.998072,-0.911339,-0.998072,-0.908379,-0.998072,-0.867972,-0.998072,0.024842,0.997553,0.920616,0.997553,0.971765,0.993647,0.997584,0.965417,0.997553,0.913780,0.997553,-0.110110,-0.998072,-0.887474,-0.998072,-0.935204,-0.998072,-0.953241,-0.998072,-0.962518,-0.998072,-0.962976,-0.998072,-0.847952,0.856711,0.997584,0.981989,0.991236,0.993189,0.982477,0.997553,0.975183,0.997553,0.964929,0.997584,0.947381,0.997553,0.902061,0.997584,-0.180791,-0.998103,-0.896690,-0.998072,-0.942040,-0.998072,-0.959588,-0.998072,-0.969324,-0.995142,-0.976129,-0.988825,-0.981989,-0.982965,-0.987818,-0.976648,-0.994654,-0.967371,-0.998072,-0.945458,-0.998072,-0.678850,0.997065,0.967371,0.997584,0.975641,0.997584,0.980524,0.997553,0.983942,0.995142,0.985895,0.993159,0.986872,0.992212,0.987848,0.991236,0.988306,0.990259,0.988794,0.989802,0.988794,0.989283,0.988794,0.989283,0.988825,0.988794,0.988794,0.988794,0.988794,0.988794,0.988825,0.988794,0.988306,0.988337,0.988306,0.988306,0.988337,0.988306,0.988337,0.988306,0.987818,0.987848,0.987818,0.987848,0.987818,0.987818,0.987848,0.987330,0.987818,0.986872,0.988306,0.986383,0.988306,0.985865,0.989313,0.984400,0.990259,0.982965,0.991724,0.981012,0.994135,0.978113,0.997553,0.973718,0.997553,0.966882,0.997584,0.954705,0.997553,0.924492,0.997553,-0.461010,-0.998072,-0.919609,-0.998072,-0.954705,-0.998072,-0.967859,-0.998072,-0.974695,-0.996577,-0.979578,-0.992701,-0.982965,-0.989283,-0.985407,-0.986383,-0.988825,-0.982477,-0.994166,-0.972253,-0.998072,-0.820181,0.900108,0.995112,0.991266,0.980524,0.996088,0.976648,0.997553,0.971765,0.997553,0.963952,0.997584,0.949822,0.997553,0.912315,0.997553,-0.345010,-0.998072,-0.906456,-0.998072,-0.944970,-0.998072,-0.957635,-0.998072,-0.961511,-0.998072,-0.954705,-0.998072,-0.795827,0.895225,0.997553,0.978113,0.995112,0.979059,0.997095,0.974207,0.997553,0.957635,0.997553,0.706164,-0.998072,-0.947869,-0.998072,-0.944482,-0.998072,-0.931298,-0.998072,-0.888938,-0.998072,-0.269965,0.997553,0.929345,0.997584,0.980524,0.975153,0.997553,0.920098,0.997584,0.155460,-0.998072,-0.881095,-0.998103,-0.923485,-0.998072,-0.923027,-0.998072,-0.652055,0.997553,0.949334,0.997553,0.941064,0.997553,0.903557,0.997553,0.316292,-0.998072,-0.907433,-0.998072,-0.944940,-0.998103,-0.961023,-0.966394,0.747577,0.997553,0.953729,0.997553,0.955682,0.997584,0.824575,-0.840170,-0.998072,-0.939111,-0.998072,-0.902550,-0.998072,-0.193486,0.997553,0.879661,0.997553,0.899162,0.997553,0.598953,-0.998103,-0.960534,-0.998072,-0.960534,-0.998103,-0.803609,0.904014,0.994623,0.992212,0.973718,0.997553,0.821676,-0.901604,-0.990748,-0.998072,-0.961511,-0.998072,-0.692522,0.997553,0.923027,0.997553,0.888450,0.997553,0.078463,-0.998072,-0.886466,-0.998072,-0.937157,-0.940575,0.904014,0.944940,0.997553,0.881126,0.997584,-0.357217,-0.998072,-0.970789,-0.947869,-0.998103,-0.250006,0.997584,0.897667,0.997553,0.992701,0.736408,-0.998103,-0.895713,-0.998072,-0.884513,-0.998072,0.592575,0.997553,0.994166,0.935723,0.997553,0.225653,-0.998072,-0.870383,-0.998103,-0.904503,-0.998072,0.712970,0.997584,0.990748,0.958123,0.997553,0.627213,-0.998072,-0.918633,-0.998072,-0.902550,-0.998103,-0.420085,0.997553,0.902092,0.997553,0.900596,0.997584,0.457134,-0.998103,-0.914238,-0.998072,-0.919121,-0.998072,-0.652086,0.985407,0.975153,0.994166,0.985407,0.984400,0.975641,-0.641343,-0.998072,-0.904991,-0.998072,-0.892326,-0.998072,-0.485883,0.997584,0.965906,0.986353,0.997584,0.937157,0.997553,0.437633,-0.998072,-0.899132,-0.998072,-0.927422,-0.998072,-0.928856,-0.998072,0.681292,0.997553,0.966882,0.990748,0.994654,0.965906,0.997553,0.786580,-0.899620,-0.998103,-0.963952,-0.998072,-0.946893,-0.998072,-0.903526,-0.998072,0.327462,0.997584,0.923516,0.997553,0.974695,0.981470,0.997584,0.930321,0.997553,-0.235846,-0.998072,-0.880149,-0.998072,-0.919121,-0.998072,-0.924492,-0.998072,-0.904503,-0.998072,0.508283,0.997553,0.941552,0.997584,0.977106,0.987330,0.996119,0.967859,0.997553,0.933251,0.997584,-0.454693,-0.998072,-0.915703,-0.998072,-0.952752,-0.998072,-0.967371,-0.998072,-0.975672,-0.994654,-0.980036,-0.998072,-0.908897,0.794850,0.997553,0.969324,0.995600,0.985437,0.984400,0.994654,0.975153,0.997584,0.964441,0.997553,0.946893,0.997584,0.901573,0.997553,0.213964,-0.998072,-0.900596,-0.998103,-0.943963,-0.998072,-0.960046,-0.998103,-0.968317,-0.998103,-0.973200,-0.998072,-0.976160,-0.995631,-0.977594,-0.994654,-0.977594,-0.995631,-0.974695,-0.998072,-0.963464,-0.998072,-0.793385,0.912773,0.994623,0.988825,0.985407,0.989771,0.985407,0.989283,0.985865,0.988794,0.986383,0.988306,0.986383,0.987818,0.986383,0.987330,0.986841,0.986872,0.986353,0.986872,0.986353,0.986872,0.986353,0.986383,0.986353,0.986383,0.986353,0.986383,0.986353,0.986383,0.985865,0.985895,0.985865,0.985865,0.985895,0.985865,0.985895,0.985865,0.985376,0.985407,0.985376,0.985376,0.985407,0.984888,0.985407,0.984919,0.985865,0.984430,0.985865,0.983454,0.986353,0.982965,0.987330,0.981501,0.988306,0.980036,0.990259,0.977594,0.993189,0.974207,0.997065,0.968835,0.997553,0.959100,0.997553,0.936669,0.997584,-0.557509,-0.998072,-0.931817,-0.998072,-0.960046,-0.998072,-0.969812,-0.998072,-0.974176,-0.998103,-0.975641,-0.998072,-0.975153,-0.998103,-0.972711,-0.998072,-0.967371,-0.998072,-0.955682,-0.998072,-0.922051,-0.998072,-0.464428,0.997553,0.918633,0.997553,0.945947,0.997553,0.954217,0.997553,0.955682,0.997584,0.950799,0.997553,0.937646,0.997553,0.897697,0.997553,-0.295784,-0.998103,-0.912773,-0.998072,-0.956659,-0.998072,-0.975153,-0.996149,-0.988306,-0.982477,-0.998072,-0.964471,-0.998072,0.641343,0.997553,0.942040,0.997553,0.969812,0.992212,0.983911,0.979059,0.997553,0.963495,0.997553,-0.655931,-0.998103,-0.944940,-0.998072,-0.970300,-0.998072,-0.982965,-0.986872,-0.998072,-0.853323,0.866965,0.997553,0.976129,0.991724,0.976618,0.995142,0.968835,0.997553,0.851889,-0.834341,-0.998072,-0.955682,-0.998072,-0.948846,-0.998072,-0.911339,-0.998072,0.212957,0.997584,0.877708,0.997553,0.907921,0.997553,0.898185,0.997553,-0.627671,-0.998072,-0.988825,-0.961023,-0.998072,-0.897697,-0.998072,-0.139866,0.997553,0.926934,0.997553,0.997584,0.926934,0.997553,0.078493,-0.998103,-0.888908,-0.998072,-0.947869,-0.998072,-0.972742,0.583358,0.997553,0.885978,0.997553,0.876731,0.997584,-0.201268,-0.998072,-0.880149,-0.998072,-0.877219,-0.998072,0.012665,0.997584,0.870872,0.997553,0.870902,0.997553,-0.048707,-0.998103,-0.877189,-0.998103,-0.880119,-0.998072,0.246588,0.997553,0.889884,0.997553,0.914757,0.997553,-0.693957,-0.998072,-0.987818,-0.959100,-0.998072,-0.522932,0.997584,0.883537,0.997553,0.886985,0.997553,-0.637925,-0.998072,-0.998072,-0.924950,-0.998103,-0.182256,0.997553,0.892814,0.997553,0.972253,0.813863,-0.998072,-0.915734,-0.998072,-0.877708,-0.998072,0.230993,0.997584,0.918633,0.997553,0.996607,0.775349,-0.998072,-0.924004,-0.998072,-0.888420,-0.998072,-0.082857,0.997584,0.871360,0.997553,0.877708,0.997584,-0.311898,-0.998072,-0.895744,-0.998072,-0.903526,-0.998072,0.432262,0.997584,0.899132,0.997553,0.902061,0.997584,-0.435192,-0.998072,-0.902550,-0.998072,-0.901573,-0.998103,0.270484,0.997553,0.861624,0.997553,0.850913,0.997553,0.156468,-0.998103,-0.946404,-0.997095,-0.998072,-0.941552,-0.998072,0.475140,0.997584,0.937646,0.997553,0.995631,0.944451,0.997553,-0.455639,-0.998072,-0.928887,-0.998072,-0.986383
